Assemblage_Name	1-1-961758	3006998-4075085-3645851	3492134-4075085-1080695	1956842-1-662838	1-4318785-662838	5078850-4075085-0	3006998-4075085-0	7112087-4075085-0	1-1-3459632	1-1-939369	1-9245180-662838	3006998-3136167-3149087	3006998-8762103-1080695	3006998-4075085-1080695	1-1-1098687	3-2-2	6594255-4075085-1080695	3006998-8889578-5077756	1-1-1	3-3-0	2945216-1-662838	6464718-1-5315882	3651629-1-1	0-1-6959569	0-4-0	1-9735106-1	0-1-0	2968564-1-5315882	1-122771-662838	0-3-388503	3006998-4075085-8275949	3006998-3600905-0	2682187-8986383-0	3524686-1-1	1-3869680-662838	5267899-1-662838	6464718-7158566-5315882	6464718-1-0	3-4273888-2	3649110-2-8969068	0-3-3	0-3-0	887994-3-0	6168708-4075085-1080695	3006998-9331790-1080695	1-1-4293871	3006998-4075085-4884074	1411928-4075085-1080695	3006998-4075085-6112268	5267899-1-2321559	0-3-1953027	3006998-3232835-0	8085107-3-0	1-6875638-662838	3006998-4815028-1080695	1411928-4046272-1080695	2692857-4075085-1080695	5671433-4075085-0	1-1-662838	1-7783801-1	3006998-7825236-0	8350035-1-5315882	3006998-4075085-7835748	9358712-2-8969068	3006998-523481-1080695	3006998-2786137-1080695	9746805-4075085-0	1-1-7167634	3006998-3232835-7543514	1-7984203-2313438	3006998-6582870-0	3006998-3232835-8076016	9890219-1-6959569	0-3-1948231	5778534-1-1	3006998-1-0	3006998-4075085-7445345	4-4-1	763635-1-662838	1-1-7994803	1-1-338532	1-1-6739229	3006998-1-9094751	3006998-3232835-5077756	3006998-3826900-0	5267899-6071154-2321559
assemblage-601-349	0	0	0	0	9	0	0	0	0	0	0	0	0	342	0	0	0	0	0	0	0	0	0	0	0	0	0	0	16	0	0	0	0	0	0	0	0	0	0	0	0	0	0	0	52	0	0	0	0	12	0	0	0	0	5	0	0	0	52	0	0	0	0	0	0	0	0	0	0	0	0	0	0	0	0	0	0	0	0	0	0	0	0	0	0	12
assemblage-129-623	0	0	0	0	0	0	0	0	0	0	0	0	0	0	0	0	0	0	11	0	0	0	0	0	62	0	0	0	0	11	0	0	0	0	0	0	0	0	0	0	70	264	0	0	0	0	0	0	0	0	43	0	0	0	0	0	0	0	0	0	0	0	0	0	0	0	0	0	0	0	0	0	0	11	0	0	0	0	0	0	0	0	0	0	0	28
assemblage-320-503	0	0	0	0	8	0	0	0	0	0	0	0	0	362	0	0	0	0	0	0	0	0	0	0	0	0	0	0	10	0	0	0	0	0	0	0	0	0	0	0	0	0	0	0	37	0	0	0	0	7	0	0	0	6	12	0	0	0	36	0	0	0	0	0	0	0	0	0	0	0	0	0	0	0	0	0	0	0	0	0	0	0	0	0	0	22
assemblage-599-374	0	0	0	0	0	0	0	0	0	0	0	0	0	231	0	0	0	0	0	0	0	0	0	0	0	0	0	0	0	0	18	0	0	0	0	0	0	0	0	0	0	0	0	0	0	5	0	0	0	9	0	0	0	0	0	0	0	0	206	0	0	0	0	0	0	0	0	0	0	0	0	0	0	0	0	0	0	0	0	0	0	0	0	0	0	31
assemblage-924-642	0	0	0	0	0	0	0	0	0	0	0	0	0	0	0	0	0	0	0	0	0	4	0	3	0	0	106	0	0	0	0	0	0	0	0	0	0	132	0	0	0	0	0	0	0	0	0	0	0	0	0	0	0	0	0	0	0	0	0	0	0	0	0	0	0	0	0	0	0	0	0	0	0	0	0	169	0	52	0	0	0	0	20	0	0	14
assemblage-146-848	0	0	0	0	11	0	0	0	0	0	30	0	0	15	0	0	0	0	0	0	9	0	0	0	0	0	0	0	0	0	0	0	0	0	0	0	0	0	0	0	0	0	0	0	0	0	0	0	0	26	0	0	0	0	0	0	0	0	133	0	0	0	0	0	0	0	0	0	0	0	0	0	0	0	0	0	0	0	0	255	0	11	0	0	0	10
assemblage-358-771	0	0	0	0	0	0	15	0	0	0	0	0	0	0	0	0	0	0	48	0	0	164	8	0	0	0	0	7	0	0	0	0	0	0	0	0	0	0	0	0	0	0	0	0	0	0	0	0	0	0	0	0	0	0	0	0	0	0	0	0	0	82	0	0	0	0	0	0	0	0	0	0	0	0	0	173	0	0	0	0	0	0	0	0	0	3
assemblage-777-252	0	0	0	0	0	0	47	0	0	0	0	0	0	0	0	0	0	0	367	0	0	13	0	0	0	0	0	0	0	0	0	0	0	0	0	0	0	0	0	0	0	0	0	0	0	0	0	0	0	0	0	37	0	0	0	0	0	0	0	5	15	0	0	0	0	0	0	0	0	0	0	0	0	0	0	0	0	0	0	0	0	0	0	0	0	16
assemblage-792-258	0	0	0	0	0	0	71	0	0	0	0	0	0	0	0	0	0	0	284	0	0	0	0	0	0	0	0	0	0	0	0	0	0	0	0	0	0	0	0	0	0	0	0	0	0	0	0	0	0	0	0	8	0	0	0	0	0	0	63	0	0	5	0	0	0	0	0	0	0	0	0	0	0	0	59	0	0	0	0	0	0	0	0	0	0	10
assemblage-800-441	0	0	0	0	0	0	94	0	0	0	0	0	0	200	0	0	0	0	30	0	0	0	0	0	0	0	0	0	0	0	0	0	0	0	0	33	0	0	0	0	0	0	0	0	0	0	0	0	0	0	0	0	0	0	0	0	0	0	125	0	0	0	0	0	0	0	0	0	0	0	0	0	0	0	0	0	0	0	0	0	0	0	0	0	0	18
assemblage-613-236	0	0	0	0	0	0	45	0	0	0	0	0	0	0	0	0	0	0	278	0	0	0	0	0	0	0	0	0	0	0	0	0	0	0	0	0	0	0	0	0	0	0	0	0	0	0	0	0	0	0	0	12	0	0	0	0	0	0	72	0	0	0	0	0	0	0	0	0	0	0	0	0	0	0	62	0	0	0	0	0	0	0	0	0	0	31
assemblage-932-740	0	0	0	0	0	0	0	0	0	0	0	0	0	237	0	0	0	0	0	0	0	0	0	0	0	0	0	0	0	0	0	0	0	0	0	0	0	0	0	0	0	0	0	0	0	0	0	97	0	0	0	0	0	0	0	0	44	0	96	0	0	0	0	0	0	0	0	0	0	0	0	0	0	0	0	0	0	0	0	6	0	0	0	0	0	20
assemblage-632-237	0	0	0	0	0	0	60	0	0	0	0	0	0	0	0	0	0	0	270	0	0	0	0	0	0	0	0	0	0	0	0	0	0	0	0	0	0	0	0	0	0	0	0	0	0	0	0	0	0	0	0	10	0	0	0	0	0	0	86	0	0	6	0	0	0	0	0	0	0	0	0	0	0	0	56	0	0	0	0	0	0	0	0	0	0	12
assemblage-728-160	0	0	0	0	0	0	0	0	0	12	0	0	0	0	0	0	0	0	265	0	0	15	0	0	0	0	0	0	0	0	0	0	0	0	0	0	0	0	0	0	0	0	0	0	0	0	0	0	0	0	0	0	147	0	0	0	0	0	0	0	0	0	0	0	0	0	0	0	0	0	0	0	0	0	0	19	0	0	0	0	0	0	21	0	0	21
assemblage-787-279	0	0	0	0	0	0	54	0	0	0	0	0	0	0	0	0	0	0	270	0	0	0	0	0	0	0	0	0	0	0	0	0	0	0	0	0	0	0	0	0	0	0	0	0	0	0	0	0	0	0	0	15	0	0	0	0	0	0	77	0	0	5	0	0	0	0	0	0	0	0	0	0	0	0	67	0	0	0	0	0	0	0	0	0	0	12
assemblage-833-481	0	0	0	0	0	0	0	0	0	0	0	0	0	437	0	0	0	0	0	0	0	0	0	0	0	0	0	0	0	0	0	0	0	0	0	0	0	0	0	0	0	0	0	0	0	0	11	0	0	0	0	0	0	0	0	0	0	0	7	0	0	0	0	0	5	0	0	0	0	0	0	0	0	0	0	0	0	0	0	30	0	0	0	0	0	10
assemblage-787-249	0	0	0	0	0	0	22	0	0	0	0	0	0	0	9	0	0	0	392	0	0	22	0	0	0	0	0	0	0	0	0	0	0	0	0	0	0	0	0	0	0	0	0	0	0	0	0	0	0	0	0	30	0	0	0	0	0	0	0	4	10	0	0	0	0	0	0	0	0	0	0	0	0	0	0	0	0	0	0	0	0	0	0	0	0	11
assemblage-774-258	0	0	0	0	0	0	39	0	0	0	0	0	0	0	6	0	0	0	379	0	0	7	0	0	0	0	0	0	0	0	0	0	0	0	0	0	0	0	0	0	0	0	0	0	0	0	0	0	0	0	0	28	0	0	0	0	0	0	0	6	27	0	0	0	0	0	0	0	0	0	0	0	0	0	0	0	0	0	0	0	0	0	0	0	0	8
assemblage-708-567	0	0	0	0	0	0	0	0	0	0	0	0	0	238	0	0	0	0	0	0	0	0	0	0	0	0	0	0	0	0	0	0	0	0	0	0	0	0	0	0	0	0	0	0	0	0	0	92	0	0	0	0	0	0	0	0	32	0	118	0	0	0	0	0	0	0	0	0	0	0	0	0	0	0	0	0	0	0	0	7	0	0	0	0	0	13
assemblage-915-772	0	0	0	0	0	0	77	3	0	0	0	0	0	5	0	0	0	0	42	0	0	0	0	0	0	0	0	0	0	0	0	0	0	0	0	0	0	0	0	0	0	0	0	0	0	0	0	0	0	0	0	0	0	0	0	0	0	0	346	0	0	0	0	0	0	0	0	0	0	0	0	0	0	0	0	0	0	0	13	0	0	0	0	0	0	14
assemblage-361-774	0	0	0	0	0	0	17	0	0	0	0	0	0	0	0	0	0	0	37	0	0	134	0	0	0	0	0	0	0	0	0	0	0	0	0	0	0	0	0	0	0	0	0	0	0	0	0	0	0	0	0	0	5	0	0	0	0	0	0	0	0	93	0	0	0	0	0	0	0	0	0	0	0	0	0	200	0	0	0	0	0	0	0	0	0	14
assemblage-585-363	0	0	0	0	7	0	0	0	0	0	0	0	0	264	0	0	0	0	0	0	0	0	0	0	0	0	0	0	0	0	14	0	0	0	0	0	0	0	0	0	0	0	0	0	0	0	0	0	0	6	0	0	0	0	0	0	0	0	183	0	0	0	0	0	0	0	0	0	0	0	0	0	0	0	0	0	0	0	0	0	0	0	0	0	0	26
assemblage-407-795	22	0	0	0	0	0	0	0	0	0	0	0	0	0	0	0	0	0	210	204	0	0	41	0	0	0	0	0	0	0	0	0	0	0	0	0	0	0	0	0	0	0	11	0	0	0	0	0	0	0	0	0	0	0	0	0	0	0	0	0	0	0	0	0	0	0	0	0	0	0	0	0	0	0	0	0	0	0	0	0	0	0	0	0	0	12
assemblage-914-742	0	53	0	0	136	0	56	0	0	0	0	0	0	0	0	0	0	0	9	0	0	0	0	0	0	0	0	0	0	0	0	0	0	0	0	0	0	0	0	0	0	0	0	0	0	0	0	0	0	0	0	0	0	0	0	0	0	0	223	0	0	0	0	0	0	0	0	0	0	5	0	0	0	0	0	0	0	0	0	0	3	0	0	0	0	15
