Seriation_Number	Assemblage	9061977-1-1	8294896-8378091-1	227870-1-4229510	4-2492952-1	9181798-3957527-7592136	4-5276383-4669321	7753122-2-431175	9181798-3117198-7592136	9636610-0-3	4-1-9942181	2473746-5276383-4669321	4-7693920-7750398	9623887-1-2060932	9181798-1502609-7592136	4-5877793-4669321	8158736-2-7592136	1-2-9532769	9181798-2-4669321	1-6025387-0	8695831-8378091-1	1448255-2-4669321	3-3-2	0-2-1995998	4-4984435-1	6192733-259050-7592136	4-8378091-1	9623887-1-1	2063955-2-3	7863202-1-1	6889274-1-1	3191128-1-1	4-7151548-7750398	4-2685437-1	6192733-2-7592136	1748456-8378091-1	3948743-1-1	3-3-2147400	9365128-3957527-7592136	7753122-2-4669321	8870343-1-7750398	1-2-0	2777301-1-1	4-1614726-1	9181798-2-2301938	7844269-2-3	0-2-6302437	3966182-7693920-7750398	4651270-3-2794454	5018925-2-4669321	7753122-2-9676178	4-302497-1	4-1648437-1	9181798-5154364-7592136	4-5765550-7750398	4-2-3	3-3-2794454	1679986-2-3	4-1-9142594	4-2849363-1	4-8310257-1	0-2-3258519	8978118-2-7592136	4-2-9334340	0-2-3	9181798-9836127-7592136	9181798-4328863-7592136	1-0-3	4-8112055-4991260	4-1-1	9181798-2-7592136	4-1-658608	4-1-5610076	4-1-3701992	4-1-4229510	1679986-2-6667230	9181798-2-8302053	9181798-9615953-7592136	4-1-9353944	2-4-4	4-2-4669321	4-1-4991260	4-9019547-4669321	4-1-7750398	6268320-8378091-1	9181798-9886437-4669321	9181798-2-9068187
1	assemblage-768-706	4	0	0	3	0	0	0	0	0	0	0	0	0	0	0	0	0	0	0	0	0	0	0	0	0	45	0	0	0	0	0	0	0	0	0	0	0	0	0	0	0	0	0	0	0	0	0	0	0	0	0	0	0	0	0	0	0	0	0	0	0	0	0	0	0	0	0	5	320	6	0	0	0	0	0	0	0	0	0	0	57	0	19	0	0	41
1	assemblage-718-554	0	0	0	0	0	0	0	0	0	0	0	0	0	0	0	0	0	0	0	0	0	0	0	0	0	0	0	0	0	0	0	0	0	0	0	0	0	0	0	4	0	0	6	0	0	0	2	0	0	0	0	0	0	9	0	0	0	0	35	0	0	0	0	0	0	0	0	0	181	25	0	0	10	0	0	0	0	0	0	0	0	0	208	0	0	20
1	assemblage-977-163	0	0	0	0	0	7	0	0	0	0	52	0	0	0	0	0	0	118	0	0	0	9	0	0	0	0	0	0	0	0	0	0	0	0	0	0	0	0	0	0	0	0	0	0	0	0	0	0	0	0	0	0	0	0	0	0	0	10	0	0	0	0	0	0	0	0	0	0	143	0	0	0	0	0	0	0	0	0	0	139	0	0	0	0	8	14

2	assemblage-768-706	4	0	0	3	0	0	0	0	0	0	0	0	0	0	0	0	0	0	0	0	0	0	0	0	0	45	0	0	0	0	0	0	0	0	0	0	0	0	0	0	0	0	0	0	0	0	0	0	0	0	0	0	0	0	0	0	0	0	0	0	0	0	0	0	0	0	0	5	320	6	0	0	0	0	0	0	0	0	0	0	57	0	19	0	0	41
2	assemblage-718-554	0	0	0	0	0	0	0	0	0	0	0	0	0	0	0	0	0	0	0	0	0	0	0	0	0	0	0	0	0	0	0	0	0	0	0	0	0	0	0	4	0	0	6	0	0	0	2	0	0	0	0	0	0	9	0	0	0	0	35	0	0	0	0	0	0	0	0	0	181	25	0	0	10	0	0	0	0	0	0	0	0	0	208	0	0	20
2	assemblage-571-365	0	0	0	0	10	0	0	0	0	0	0	0	0	0	0	0	0	0	0	0	0	0	0	0	0	0	0	0	0	0	0	0	0	0	0	0	0	3	39	0	0	0	0	0	0	0	0	0	0	0	0	0	0	0	0	0	0	0	0	0	0	0	0	0	0	0	0	0	77	342	0	0	0	0	0	8	0	0	0	0	0	0	0	0	0	21

3	assemblage-768-706	4	0	0	3	0	0	0	0	0	0	0	0	0	0	0	0	0	0	0	0	0	0	0	0	0	45	0	0	0	0	0	0	0	0	0	0	0	0	0	0	0	0	0	0	0	0	0	0	0	0	0	0	0	0	0	0	0	0	0	0	0	0	0	0	0	0	0	5	320	6	0	0	0	0	0	0	0	0	0	0	57	0	19	0	0	41
3	assemblage-718-554	0	0	0	0	0	0	0	0	0	0	0	0	0	0	0	0	0	0	0	0	0	0	0	0	0	0	0	0	0	0	0	0	0	0	0	0	0	0	0	4	0	0	6	0	0	0	2	0	0	0	0	0	0	9	0	0	0	0	35	0	0	0	0	0	0	0	0	0	181	25	0	0	10	0	0	0	0	0	0	0	0	0	208	0	0	20
3	assemblage-548-684	0	0	0	0	0	0	0	0	0	0	0	0	0	0	0	0	0	0	0	0	0	188	0	0	0	0	0	0	0	0	0	0	0	0	0	0	95	0	0	0	0	0	0	0	0	0	0	4	0	0	0	0	0	0	0	74	0	0	0	0	6	0	0	117	0	0	0	0	0	0	0	0	0	0	0	0	0	0	0	0	0	0	0	0	0	16

4	assemblage-768-706	4	0	0	3	0	0	0	0	0	0	0	0	0	0	0	0	0	0	0	0	0	0	0	0	0	45	0	0	0	0	0	0	0	0	0	0	0	0	0	0	0	0	0	0	0	0	0	0	0	0	0	0	0	0	0	0	0	0	0	0	0	0	0	0	0	0	0	5	320	6	0	0	0	0	0	0	0	0	0	0	57	0	19	0	0	41
4	assemblage-800-441	0	0	0	0	0	0	0	0	0	0	0	30	0	0	0	0	0	20	0	0	0	0	0	0	0	22	4	0	0	0	11	0	0	0	0	0	0	0	0	0	0	0	0	0	0	0	6	0	0	0	0	0	0	0	0	0	0	0	0	0	0	0	0	9	0	0	0	0	252	29	0	0	0	0	0	0	0	0	0	0	0	0	100	0	0	17
4	assemblage-977-163	0	0	0	0	0	7	0	0	0	0	52	0	0	0	0	0	0	118	0	0	0	9	0	0	0	0	0	0	0	0	0	0	0	0	0	0	0	0	0	0	0	0	0	0	0	0	0	0	0	0	0	0	0	0	0	0	0	10	0	0	0	0	0	0	0	0	0	0	143	0	0	0	0	0	0	0	0	0	0	139	0	0	0	0	8	14

5	assemblage-768-706	4	0	0	3	0	0	0	0	0	0	0	0	0	0	0	0	0	0	0	0	0	0	0	0	0	45	0	0	0	0	0	0	0	0	0	0	0	0	0	0	0	0	0	0	0	0	0	0	0	0	0	0	0	0	0	0	0	0	0	0	0	0	0	0	0	0	0	5	320	6	0	0	0	0	0	0	0	0	0	0	57	0	19	0	0	41
5	assemblage-800-441	0	0	0	0	0	0	0	0	0	0	0	30	0	0	0	0	0	20	0	0	0	0	0	0	0	22	4	0	0	0	11	0	0	0	0	0	0	0	0	0	0	0	0	0	0	0	6	0	0	0	0	0	0	0	0	0	0	0	0	0	0	0	0	9	0	0	0	0	252	29	0	0	0	0	0	0	0	0	0	0	0	0	100	0	0	17
5	assemblage-548-684	0	0	0	0	0	0	0	0	0	0	0	0	0	0	0	0	0	0	0	0	0	188	0	0	0	0	0	0	0	0	0	0	0	0	0	0	95	0	0	0	0	0	0	0	0	0	0	4	0	0	0	0	0	0	0	74	0	0	0	0	6	0	0	117	0	0	0	0	0	0	0	0	0	0	0	0	0	0	0	0	0	0	0	0	0	16

6	assemblage-403-819	0	0	0	0	0	8	0	0	0	0	0	0	0	0	0	0	0	0	0	0	0	0	0	0	0	0	0	8	0	0	0	0	0	0	0	0	0	0	0	0	0	0	0	0	0	0	0	0	9	0	0	0	0	0	208	0	0	0	0	0	0	0	0	0	0	0	6	0	15	0	0	0	0	0	0	0	0	0	0	228	0	0	0	0	0	18
6	assemblage-718-554	0	0	0	0	0	0	0	0	0	0	0	0	0	0	0	0	0	0	0	0	0	0	0	0	0	0	0	0	0	0	0	0	0	0	0	0	0	0	0	4	0	0	6	0	0	0	2	0	0	0	0	0	0	9	0	0	0	0	35	0	0	0	0	0	0	0	0	0	181	25	0	0	10	0	0	0	0	0	0	0	0	0	208	0	0	20
6	assemblage-571-365	0	0	0	0	10	0	0	0	0	0	0	0	0	0	0	0	0	0	0	0	0	0	0	0	0	0	0	0	0	0	0	0	0	0	0	0	0	3	39	0	0	0	0	0	0	0	0	0	0	0	0	0	0	0	0	0	0	0	0	0	0	0	0	0	0	0	0	0	77	342	0	0	0	0	0	8	0	0	0	0	0	0	0	0	0	21

7	assemblage-403-819	0	0	0	0	0	8	0	0	0	0	0	0	0	0	0	0	0	0	0	0	0	0	0	0	0	0	0	8	0	0	0	0	0	0	0	0	0	0	0	0	0	0	0	0	0	0	0	0	9	0	0	0	0	0	208	0	0	0	0	0	0	0	0	0	0	0	6	0	15	0	0	0	0	0	0	0	0	0	0	228	0	0	0	0	0	18
7	assemblage-718-554	0	0	0	0	0	0	0	0	0	0	0	0	0	0	0	0	0	0	0	0	0	0	0	0	0	0	0	0	0	0	0	0	0	0	0	0	0	0	0	4	0	0	6	0	0	0	2	0	0	0	0	0	0	9	0	0	0	0	35	0	0	0	0	0	0	0	0	0	181	25	0	0	10	0	0	0	0	0	0	0	0	0	208	0	0	20
7	assemblage-548-684	0	0	0	0	0	0	0	0	0	0	0	0	0	0	0	0	0	0	0	0	0	188	0	0	0	0	0	0	0	0	0	0	0	0	0	0	95	0	0	0	0	0	0	0	0	0	0	4	0	0	0	0	0	0	0	74	0	0	0	0	6	0	0	117	0	0	0	0	0	0	0	0	0	0	0	0	0	0	0	0	0	0	0	0	0	16

8	assemblage-403-819	0	0	0	0	0	8	0	0	0	0	0	0	0	0	0	0	0	0	0	0	0	0	0	0	0	0	0	8	0	0	0	0	0	0	0	0	0	0	0	0	0	0	0	0	0	0	0	0	9	0	0	0	0	0	208	0	0	0	0	0	0	0	0	0	0	0	6	0	15	0	0	0	0	0	0	0	0	0	0	228	0	0	0	0	0	18
8	assemblage-800-441	0	0	0	0	0	0	0	0	0	0	0	30	0	0	0	0	0	20	0	0	0	0	0	0	0	22	4	0	0	0	11	0	0	0	0	0	0	0	0	0	0	0	0	0	0	0	6	0	0	0	0	0	0	0	0	0	0	0	0	0	0	0	0	9	0	0	0	0	252	29	0	0	0	0	0	0	0	0	0	0	0	0	100	0	0	17
8	assemblage-571-365	0	0	0	0	10	0	0	0	0	0	0	0	0	0	0	0	0	0	0	0	0	0	0	0	0	0	0	0	0	0	0	0	0	0	0	0	0	3	39	0	0	0	0	0	0	0	0	0	0	0	0	0	0	0	0	0	0	0	0	0	0	0	0	0	0	0	0	0	77	342	0	0	0	0	0	8	0	0	0	0	0	0	0	0	0	21

9	assemblage-403-819	0	0	0	0	0	8	0	0	0	0	0	0	0	0	0	0	0	0	0	0	0	0	0	0	0	0	0	8	0	0	0	0	0	0	0	0	0	0	0	0	0	0	0	0	0	0	0	0	9	0	0	0	0	0	208	0	0	0	0	0	0	0	0	0	0	0	6	0	15	0	0	0	0	0	0	0	0	0	0	228	0	0	0	0	0	18
9	assemblage-800-441	0	0	0	0	0	0	0	0	0	0	0	30	0	0	0	0	0	20	0	0	0	0	0	0	0	22	4	0	0	0	11	0	0	0	0	0	0	0	0	0	0	0	0	0	0	0	6	0	0	0	0	0	0	0	0	0	0	0	0	0	0	0	0	9	0	0	0	0	252	29	0	0	0	0	0	0	0	0	0	0	0	0	100	0	0	17
9	assemblage-548-684	0	0	0	0	0	0	0	0	0	0	0	0	0	0	0	0	0	0	0	0	0	188	0	0	0	0	0	0	0	0	0	0	0	0	0	0	95	0	0	0	0	0	0	0	0	0	0	4	0	0	0	0	0	0	0	74	0	0	0	0	6	0	0	117	0	0	0	0	0	0	0	0	0	0	0	0	0	0	0	0	0	0	0	0	0	16

10	assemblage-403-819	0	0	0	0	0	8	0	0	0	0	0	0	0	0	0	0	0	0	0	0	0	0	0	0	0	0	0	8	0	0	0	0	0	0	0	0	0	0	0	0	0	0	0	0	0	0	0	0	9	0	0	0	0	0	208	0	0	0	0	0	0	0	0	0	0	0	6	0	15	0	0	0	0	0	0	0	0	0	0	228	0	0	0	0	0	18
10	assemblage-800-441	0	0	0	0	0	0	0	0	0	0	0	30	0	0	0	0	0	20	0	0	0	0	0	0	0	22	4	0	0	0	11	0	0	0	0	0	0	0	0	0	0	0	0	0	0	0	6	0	0	0	0	0	0	0	0	0	0	0	0	0	0	0	0	9	0	0	0	0	252	29	0	0	0	0	0	0	0	0	0	0	0	0	100	0	0	17
10	assemblage-718-554	0	0	0	0	0	0	0	0	0	0	0	0	0	0	0	0	0	0	0	0	0	0	0	0	0	0	0	0	0	0	0	0	0	0	0	0	0	0	0	4	0	0	6	0	0	0	2	0	0	0	0	0	0	9	0	0	0	0	35	0	0	0	0	0	0	0	0	0	181	25	0	0	10	0	0	0	0	0	0	0	0	0	208	0	0	20

11	assemblage-403-819	0	0	0	0	0	8	0	0	0	0	0	0	0	0	0	0	0	0	0	0	0	0	0	0	0	0	0	8	0	0	0	0	0	0	0	0	0	0	0	0	0	0	0	0	0	0	0	0	9	0	0	0	0	0	208	0	0	0	0	0	0	0	0	0	0	0	6	0	15	0	0	0	0	0	0	0	0	0	0	228	0	0	0	0	0	18
11	assemblage-768-706	4	0	0	3	0	0	0	0	0	0	0	0	0	0	0	0	0	0	0	0	0	0	0	0	0	45	0	0	0	0	0	0	0	0	0	0	0	0	0	0	0	0	0	0	0	0	0	0	0	0	0	0	0	0	0	0	0	0	0	0	0	0	0	0	0	0	0	5	320	6	0	0	0	0	0	0	0	0	0	0	57	0	19	0	0	41
11	assemblage-571-365	0	0	0	0	10	0	0	0	0	0	0	0	0	0	0	0	0	0	0	0	0	0	0	0	0	0	0	0	0	0	0	0	0	0	0	0	0	3	39	0	0	0	0	0	0	0	0	0	0	0	0	0	0	0	0	0	0	0	0	0	0	0	0	0	0	0	0	0	77	342	0	0	0	0	0	8	0	0	0	0	0	0	0	0	0	21

12	assemblage-403-819	0	0	0	0	0	8	0	0	0	0	0	0	0	0	0	0	0	0	0	0	0	0	0	0	0	0	0	8	0	0	0	0	0	0	0	0	0	0	0	0	0	0	0	0	0	0	0	0	9	0	0	0	0	0	208	0	0	0	0	0	0	0	0	0	0	0	6	0	15	0	0	0	0	0	0	0	0	0	0	228	0	0	0	0	0	18
12	assemblage-768-706	4	0	0	3	0	0	0	0	0	0	0	0	0	0	0	0	0	0	0	0	0	0	0	0	0	45	0	0	0	0	0	0	0	0	0	0	0	0	0	0	0	0	0	0	0	0	0	0	0	0	0	0	0	0	0	0	0	0	0	0	0	0	0	0	0	0	0	5	320	6	0	0	0	0	0	0	0	0	0	0	57	0	19	0	0	41
12	assemblage-548-684	0	0	0	0	0	0	0	0	0	0	0	0	0	0	0	0	0	0	0	0	0	188	0	0	0	0	0	0	0	0	0	0	0	0	0	0	95	0	0	0	0	0	0	0	0	0	0	4	0	0	0	0	0	0	0	74	0	0	0	0	6	0	0	117	0	0	0	0	0	0	0	0	0	0	0	0	0	0	0	0	0	0	0	0	0	16

13	assemblage-403-819	0	0	0	0	0	8	0	0	0	0	0	0	0	0	0	0	0	0	0	0	0	0	0	0	0	0	0	8	0	0	0	0	0	0	0	0	0	0	0	0	0	0	0	0	0	0	0	0	9	0	0	0	0	0	208	0	0	0	0	0	0	0	0	0	0	0	6	0	15	0	0	0	0	0	0	0	0	0	0	228	0	0	0	0	0	18
13	assemblage-768-706	4	0	0	3	0	0	0	0	0	0	0	0	0	0	0	0	0	0	0	0	0	0	0	0	0	45	0	0	0	0	0	0	0	0	0	0	0	0	0	0	0	0	0	0	0	0	0	0	0	0	0	0	0	0	0	0	0	0	0	0	0	0	0	0	0	0	0	5	320	6	0	0	0	0	0	0	0	0	0	0	57	0	19	0	0	41
13	assemblage-718-554	0	0	0	0	0	0	0	0	0	0	0	0	0	0	0	0	0	0	0	0	0	0	0	0	0	0	0	0	0	0	0	0	0	0	0	0	0	0	0	4	0	0	6	0	0	0	2	0	0	0	0	0	0	9	0	0	0	0	35	0	0	0	0	0	0	0	0	0	181	25	0	0	10	0	0	0	0	0	0	0	0	0	208	0	0	20

14	assemblage-403-819	0	0	0	0	0	8	0	0	0	0	0	0	0	0	0	0	0	0	0	0	0	0	0	0	0	0	0	8	0	0	0	0	0	0	0	0	0	0	0	0	0	0	0	0	0	0	0	0	9	0	0	0	0	0	208	0	0	0	0	0	0	0	0	0	0	0	6	0	15	0	0	0	0	0	0	0	0	0	0	228	0	0	0	0	0	18
14	assemblage-768-706	4	0	0	3	0	0	0	0	0	0	0	0	0	0	0	0	0	0	0	0	0	0	0	0	0	45	0	0	0	0	0	0	0	0	0	0	0	0	0	0	0	0	0	0	0	0	0	0	0	0	0	0	0	0	0	0	0	0	0	0	0	0	0	0	0	0	0	5	320	6	0	0	0	0	0	0	0	0	0	0	57	0	19	0	0	41
14	assemblage-800-441	0	0	0	0	0	0	0	0	0	0	0	30	0	0	0	0	0	20	0	0	0	0	0	0	0	22	4	0	0	0	11	0	0	0	0	0	0	0	0	0	0	0	0	0	0	0	6	0	0	0	0	0	0	0	0	0	0	0	0	0	0	0	0	9	0	0	0	0	252	29	0	0	0	0	0	0	0	0	0	0	0	0	100	0	0	17

15	assemblage-743-521	0	0	0	0	0	0	0	0	0	10	0	0	0	0	0	0	0	100	0	0	0	0	0	0	0	15	0	0	0	0	0	0	0	0	0	0	0	0	0	0	0	0	0	0	0	0	0	0	0	0	0	7	0	0	14	0	0	0	0	0	0	0	2	24	0	0	0	0	302	0	0	0	0	0	0	0	0	0	0	0	0	0	9	0	0	17
15	assemblage-718-554	0	0	0	0	0	0	0	0	0	0	0	0	0	0	0	0	0	0	0	0	0	0	0	0	0	0	0	0	0	0	0	0	0	0	0	0	0	0	0	4	0	0	6	0	0	0	2	0	0	0	0	0	0	9	0	0	0	0	35	0	0	0	0	0	0	0	0	0	181	25	0	0	10	0	0	0	0	0	0	0	0	0	208	0	0	20
15	assemblage-571-365	0	0	0	0	10	0	0	0	0	0	0	0	0	0	0	0	0	0	0	0	0	0	0	0	0	0	0	0	0	0	0	0	0	0	0	0	0	3	39	0	0	0	0	0	0	0	0	0	0	0	0	0	0	0	0	0	0	0	0	0	0	0	0	0	0	0	0	0	77	342	0	0	0	0	0	8	0	0	0	0	0	0	0	0	0	21

16	assemblage-743-521	0	0	0	0	0	0	0	0	0	10	0	0	0	0	0	0	0	100	0	0	0	0	0	0	0	15	0	0	0	0	0	0	0	0	0	0	0	0	0	0	0	0	0	0	0	0	0	0	0	0	0	7	0	0	14	0	0	0	0	0	0	0	2	24	0	0	0	0	302	0	0	0	0	0	0	0	0	0	0	0	0	0	9	0	0	17
16	assemblage-800-441	0	0	0	0	0	0	0	0	0	0	0	30	0	0	0	0	0	20	0	0	0	0	0	0	0	22	4	0	0	0	11	0	0	0	0	0	0	0	0	0	0	0	0	0	0	0	6	0	0	0	0	0	0	0	0	0	0	0	0	0	0	0	0	9	0	0	0	0	252	29	0	0	0	0	0	0	0	0	0	0	0	0	100	0	0	17
16	assemblage-571-365	0	0	0	0	10	0	0	0	0	0	0	0	0	0	0	0	0	0	0	0	0	0	0	0	0	0	0	0	0	0	0	0	0	0	0	0	0	3	39	0	0	0	0	0	0	0	0	0	0	0	0	0	0	0	0	0	0	0	0	0	0	0	0	0	0	0	0	0	77	342	0	0	0	0	0	8	0	0	0	0	0	0	0	0	0	21

17	assemblage-743-521	0	0	0	0	0	0	0	0	0	10	0	0	0	0	0	0	0	100	0	0	0	0	0	0	0	15	0	0	0	0	0	0	0	0	0	0	0	0	0	0	0	0	0	0	0	0	0	0	0	0	0	7	0	0	14	0	0	0	0	0	0	0	2	24	0	0	0	0	302	0	0	0	0	0	0	0	0	0	0	0	0	0	9	0	0	17
17	assemblage-800-441	0	0	0	0	0	0	0	0	0	0	0	30	0	0	0	0	0	20	0	0	0	0	0	0	0	22	4	0	0	0	11	0	0	0	0	0	0	0	0	0	0	0	0	0	0	0	6	0	0	0	0	0	0	0	0	0	0	0	0	0	0	0	0	9	0	0	0	0	252	29	0	0	0	0	0	0	0	0	0	0	0	0	100	0	0	17
17	assemblage-718-554	0	0	0	0	0	0	0	0	0	0	0	0	0	0	0	0	0	0	0	0	0	0	0	0	0	0	0	0	0	0	0	0	0	0	0	0	0	0	0	4	0	0	6	0	0	0	2	0	0	0	0	0	0	9	0	0	0	0	35	0	0	0	0	0	0	0	0	0	181	25	0	0	10	0	0	0	0	0	0	0	0	0	208	0	0	20

18	assemblage-743-521	0	0	0	0	0	0	0	0	0	10	0	0	0	0	0	0	0	100	0	0	0	0	0	0	0	15	0	0	0	0	0	0	0	0	0	0	0	0	0	0	0	0	0	0	0	0	0	0	0	0	0	7	0	0	14	0	0	0	0	0	0	0	2	24	0	0	0	0	302	0	0	0	0	0	0	0	0	0	0	0	0	0	9	0	0	17
18	assemblage-768-706	4	0	0	3	0	0	0	0	0	0	0	0	0	0	0	0	0	0	0	0	0	0	0	0	0	45	0	0	0	0	0	0	0	0	0	0	0	0	0	0	0	0	0	0	0	0	0	0	0	0	0	0	0	0	0	0	0	0	0	0	0	0	0	0	0	0	0	5	320	6	0	0	0	0	0	0	0	0	0	0	57	0	19	0	0	41
18	assemblage-571-365	0	0	0	0	10	0	0	0	0	0	0	0	0	0	0	0	0	0	0	0	0	0	0	0	0	0	0	0	0	0	0	0	0	0	0	0	0	3	39	0	0	0	0	0	0	0	0	0	0	0	0	0	0	0	0	0	0	0	0	0	0	0	0	0	0	0	0	0	77	342	0	0	0	0	0	8	0	0	0	0	0	0	0	0	0	21

19	assemblage-743-521	0	0	0	0	0	0	0	0	0	10	0	0	0	0	0	0	0	100	0	0	0	0	0	0	0	15	0	0	0	0	0	0	0	0	0	0	0	0	0	0	0	0	0	0	0	0	0	0	0	0	0	7	0	0	14	0	0	0	0	0	0	0	2	24	0	0	0	0	302	0	0	0	0	0	0	0	0	0	0	0	0	0	9	0	0	17
19	assemblage-768-706	4	0	0	3	0	0	0	0	0	0	0	0	0	0	0	0	0	0	0	0	0	0	0	0	0	45	0	0	0	0	0	0	0	0	0	0	0	0	0	0	0	0	0	0	0	0	0	0	0	0	0	0	0	0	0	0	0	0	0	0	0	0	0	0	0	0	0	5	320	6	0	0	0	0	0	0	0	0	0	0	57	0	19	0	0	41
19	assemblage-718-554	0	0	0	0	0	0	0	0	0	0	0	0	0	0	0	0	0	0	0	0	0	0	0	0	0	0	0	0	0	0	0	0	0	0	0	0	0	0	0	4	0	0	6	0	0	0	2	0	0	0	0	0	0	9	0	0	0	0	35	0	0	0	0	0	0	0	0	0	181	25	0	0	10	0	0	0	0	0	0	0	0	0	208	0	0	20

20	assemblage-599-374	0	0	0	0	0	0	0	0	0	0	0	0	0	0	0	0	0	0	0	0	0	0	0	17	0	0	0	0	0	0	0	0	0	0	0	0	0	0	0	0	0	0	0	0	0	0	116	0	0	0	0	0	0	0	0	0	0	0	0	0	0	0	0	0	0	0	0	0	202	23	0	0	0	0	0	0	0	0	0	0	110	0	11	0	0	21
20	assemblage-718-554	0	0	0	0	0	0	0	0	0	0	0	0	0	0	0	0	0	0	0	0	0	0	0	0	0	0	0	0	0	0	0	0	0	0	0	0	0	0	0	4	0	0	6	0	0	0	2	0	0	0	0	0	0	9	0	0	0	0	35	0	0	0	0	0	0	0	0	0	181	25	0	0	10	0	0	0	0	0	0	0	0	0	208	0	0	20
20	assemblage-977-163	0	0	0	0	0	7	0	0	0	0	52	0	0	0	0	0	0	118	0	0	0	9	0	0	0	0	0	0	0	0	0	0	0	0	0	0	0	0	0	0	0	0	0	0	0	0	0	0	0	0	0	0	0	0	0	0	0	10	0	0	0	0	0	0	0	0	0	0	143	0	0	0	0	0	0	0	0	0	0	139	0	0	0	0	8	14

21	assemblage-599-374	0	0	0	0	0	0	0	0	0	0	0	0	0	0	0	0	0	0	0	0	0	0	0	17	0	0	0	0	0	0	0	0	0	0	0	0	0	0	0	0	0	0	0	0	0	0	116	0	0	0	0	0	0	0	0	0	0	0	0	0	0	0	0	0	0	0	0	0	202	23	0	0	0	0	0	0	0	0	0	0	110	0	11	0	0	21
21	assemblage-718-554	0	0	0	0	0	0	0	0	0	0	0	0	0	0	0	0	0	0	0	0	0	0	0	0	0	0	0	0	0	0	0	0	0	0	0	0	0	0	0	4	0	0	6	0	0	0	2	0	0	0	0	0	0	9	0	0	0	0	35	0	0	0	0	0	0	0	0	0	181	25	0	0	10	0	0	0	0	0	0	0	0	0	208	0	0	20
21	assemblage-571-365	0	0	0	0	10	0	0	0	0	0	0	0	0	0	0	0	0	0	0	0	0	0	0	0	0	0	0	0	0	0	0	0	0	0	0	0	0	3	39	0	0	0	0	0	0	0	0	0	0	0	0	0	0	0	0	0	0	0	0	0	0	0	0	0	0	0	0	0	77	342	0	0	0	0	0	8	0	0	0	0	0	0	0	0	0	21

22	assemblage-599-374	0	0	0	0	0	0	0	0	0	0	0	0	0	0	0	0	0	0	0	0	0	0	0	17	0	0	0	0	0	0	0	0	0	0	0	0	0	0	0	0	0	0	0	0	0	0	116	0	0	0	0	0	0	0	0	0	0	0	0	0	0	0	0	0	0	0	0	0	202	23	0	0	0	0	0	0	0	0	0	0	110	0	11	0	0	21
22	assemblage-718-554	0	0	0	0	0	0	0	0	0	0	0	0	0	0	0	0	0	0	0	0	0	0	0	0	0	0	0	0	0	0	0	0	0	0	0	0	0	0	0	4	0	0	6	0	0	0	2	0	0	0	0	0	0	9	0	0	0	0	35	0	0	0	0	0	0	0	0	0	181	25	0	0	10	0	0	0	0	0	0	0	0	0	208	0	0	20
22	assemblage-548-684	0	0	0	0	0	0	0	0	0	0	0	0	0	0	0	0	0	0	0	0	0	188	0	0	0	0	0	0	0	0	0	0	0	0	0	0	95	0	0	0	0	0	0	0	0	0	0	4	0	0	0	0	0	0	0	74	0	0	0	0	6	0	0	117	0	0	0	0	0	0	0	0	0	0	0	0	0	0	0	0	0	0	0	0	0	16

23	assemblage-599-374	0	0	0	0	0	0	0	0	0	0	0	0	0	0	0	0	0	0	0	0	0	0	0	17	0	0	0	0	0	0	0	0	0	0	0	0	0	0	0	0	0	0	0	0	0	0	116	0	0	0	0	0	0	0	0	0	0	0	0	0	0	0	0	0	0	0	0	0	202	23	0	0	0	0	0	0	0	0	0	0	110	0	11	0	0	21
23	assemblage-800-441	0	0	0	0	0	0	0	0	0	0	0	30	0	0	0	0	0	20	0	0	0	0	0	0	0	22	4	0	0	0	11	0	0	0	0	0	0	0	0	0	0	0	0	0	0	0	6	0	0	0	0	0	0	0	0	0	0	0	0	0	0	0	0	9	0	0	0	0	252	29	0	0	0	0	0	0	0	0	0	0	0	0	100	0	0	17
23	assemblage-977-163	0	0	0	0	0	7	0	0	0	0	52	0	0	0	0	0	0	118	0	0	0	9	0	0	0	0	0	0	0	0	0	0	0	0	0	0	0	0	0	0	0	0	0	0	0	0	0	0	0	0	0	0	0	0	0	0	0	10	0	0	0	0	0	0	0	0	0	0	143	0	0	0	0	0	0	0	0	0	0	139	0	0	0	0	8	14

24	assemblage-599-374	0	0	0	0	0	0	0	0	0	0	0	0	0	0	0	0	0	0	0	0	0	0	0	17	0	0	0	0	0	0	0	0	0	0	0	0	0	0	0	0	0	0	0	0	0	0	116	0	0	0	0	0	0	0	0	0	0	0	0	0	0	0	0	0	0	0	0	0	202	23	0	0	0	0	0	0	0	0	0	0	110	0	11	0	0	21
24	assemblage-800-441	0	0	0	0	0	0	0	0	0	0	0	30	0	0	0	0	0	20	0	0	0	0	0	0	0	22	4	0	0	0	11	0	0	0	0	0	0	0	0	0	0	0	0	0	0	0	6	0	0	0	0	0	0	0	0	0	0	0	0	0	0	0	0	9	0	0	0	0	252	29	0	0	0	0	0	0	0	0	0	0	0	0	100	0	0	17
24	assemblage-548-684	0	0	0	0	0	0	0	0	0	0	0	0	0	0	0	0	0	0	0	0	0	188	0	0	0	0	0	0	0	0	0	0	0	0	0	0	95	0	0	0	0	0	0	0	0	0	0	4	0	0	0	0	0	0	0	74	0	0	0	0	6	0	0	117	0	0	0	0	0	0	0	0	0	0	0	0	0	0	0	0	0	0	0	0	0	16

25	assemblage-599-374	0	0	0	0	0	0	0	0	0	0	0	0	0	0	0	0	0	0	0	0	0	0	0	17	0	0	0	0	0	0	0	0	0	0	0	0	0	0	0	0	0	0	0	0	0	0	116	0	0	0	0	0	0	0	0	0	0	0	0	0	0	0	0	0	0	0	0	0	202	23	0	0	0	0	0	0	0	0	0	0	110	0	11	0	0	21
25	assemblage-768-706	4	0	0	3	0	0	0	0	0	0	0	0	0	0	0	0	0	0	0	0	0	0	0	0	0	45	0	0	0	0	0	0	0	0	0	0	0	0	0	0	0	0	0	0	0	0	0	0	0	0	0	0	0	0	0	0	0	0	0	0	0	0	0	0	0	0	0	5	320	6	0	0	0	0	0	0	0	0	0	0	57	0	19	0	0	41
25	assemblage-632-237	0	0	0	0	0	0	0	0	0	7	0	0	0	0	0	0	0	102	0	0	0	0	0	0	0	10	0	0	0	0	0	0	0	0	0	0	0	0	0	0	0	0	0	0	0	0	0	0	0	0	0	6	0	0	14	0	0	0	0	0	0	0	0	19	0	0	0	0	299	0	0	0	0	0	0	0	0	0	0	0	0	0	17	0	0	26

26	assemblage-599-374	0	0	0	0	0	0	0	0	0	0	0	0	0	0	0	0	0	0	0	0	0	0	0	17	0	0	0	0	0	0	0	0	0	0	0	0	0	0	0	0	0	0	0	0	0	0	116	0	0	0	0	0	0	0	0	0	0	0	0	0	0	0	0	0	0	0	0	0	202	23	0	0	0	0	0	0	0	0	0	0	110	0	11	0	0	21
26	assemblage-768-706	4	0	0	3	0	0	0	0	0	0	0	0	0	0	0	0	0	0	0	0	0	0	0	0	0	45	0	0	0	0	0	0	0	0	0	0	0	0	0	0	0	0	0	0	0	0	0	0	0	0	0	0	0	0	0	0	0	0	0	0	0	0	0	0	0	0	0	5	320	6	0	0	0	0	0	0	0	0	0	0	57	0	19	0	0	41
26	assemblage-977-163	0	0	0	0	0	7	0	0	0	0	52	0	0	0	0	0	0	118	0	0	0	9	0	0	0	0	0	0	0	0	0	0	0	0	0	0	0	0	0	0	0	0	0	0	0	0	0	0	0	0	0	0	0	0	0	0	0	10	0	0	0	0	0	0	0	0	0	0	143	0	0	0	0	0	0	0	0	0	0	139	0	0	0	0	8	14

27	assemblage-599-374	0	0	0	0	0	0	0	0	0	0	0	0	0	0	0	0	0	0	0	0	0	0	0	17	0	0	0	0	0	0	0	0	0	0	0	0	0	0	0	0	0	0	0	0	0	0	116	0	0	0	0	0	0	0	0	0	0	0	0	0	0	0	0	0	0	0	0	0	202	23	0	0	0	0	0	0	0	0	0	0	110	0	11	0	0	21
27	assemblage-768-706	4	0	0	3	0	0	0	0	0	0	0	0	0	0	0	0	0	0	0	0	0	0	0	0	0	45	0	0	0	0	0	0	0	0	0	0	0	0	0	0	0	0	0	0	0	0	0	0	0	0	0	0	0	0	0	0	0	0	0	0	0	0	0	0	0	0	0	5	320	6	0	0	0	0	0	0	0	0	0	0	57	0	19	0	0	41
27	assemblage-548-684	0	0	0	0	0	0	0	0	0	0	0	0	0	0	0	0	0	0	0	0	0	188	0	0	0	0	0	0	0	0	0	0	0	0	0	0	95	0	0	0	0	0	0	0	0	0	0	4	0	0	0	0	0	0	0	74	0	0	0	0	6	0	0	117	0	0	0	0	0	0	0	0	0	0	0	0	0	0	0	0	0	0	0	0	0	16

28	assemblage-599-374	0	0	0	0	0	0	0	0	0	0	0	0	0	0	0	0	0	0	0	0	0	0	0	17	0	0	0	0	0	0	0	0	0	0	0	0	0	0	0	0	0	0	0	0	0	0	116	0	0	0	0	0	0	0	0	0	0	0	0	0	0	0	0	0	0	0	0	0	202	23	0	0	0	0	0	0	0	0	0	0	110	0	11	0	0	21
28	assemblage-403-819	0	0	0	0	0	8	0	0	0	0	0	0	0	0	0	0	0	0	0	0	0	0	0	0	0	0	0	8	0	0	0	0	0	0	0	0	0	0	0	0	0	0	0	0	0	0	0	0	9	0	0	0	0	0	208	0	0	0	0	0	0	0	0	0	0	0	6	0	15	0	0	0	0	0	0	0	0	0	0	228	0	0	0	0	0	18
28	assemblage-548-684	0	0	0	0	0	0	0	0	0	0	0	0	0	0	0	0	0	0	0	0	0	188	0	0	0	0	0	0	0	0	0	0	0	0	0	0	95	0	0	0	0	0	0	0	0	0	0	4	0	0	0	0	0	0	0	74	0	0	0	0	6	0	0	117	0	0	0	0	0	0	0	0	0	0	0	0	0	0	0	0	0	0	0	0	0	16

29	assemblage-599-374	0	0	0	0	0	0	0	0	0	0	0	0	0	0	0	0	0	0	0	0	0	0	0	17	0	0	0	0	0	0	0	0	0	0	0	0	0	0	0	0	0	0	0	0	0	0	116	0	0	0	0	0	0	0	0	0	0	0	0	0	0	0	0	0	0	0	0	0	202	23	0	0	0	0	0	0	0	0	0	0	110	0	11	0	0	21
29	assemblage-743-521	0	0	0	0	0	0	0	0	0	10	0	0	0	0	0	0	0	100	0	0	0	0	0	0	0	15	0	0	0	0	0	0	0	0	0	0	0	0	0	0	0	0	0	0	0	0	0	0	0	0	0	7	0	0	14	0	0	0	0	0	0	0	2	24	0	0	0	0	302	0	0	0	0	0	0	0	0	0	0	0	0	0	9	0	0	17
29	assemblage-977-163	0	0	0	0	0	7	0	0	0	0	52	0	0	0	0	0	0	118	0	0	0	9	0	0	0	0	0	0	0	0	0	0	0	0	0	0	0	0	0	0	0	0	0	0	0	0	0	0	0	0	0	0	0	0	0	0	0	10	0	0	0	0	0	0	0	0	0	0	143	0	0	0	0	0	0	0	0	0	0	139	0	0	0	0	8	14

30	assemblage-599-374	0	0	0	0	0	0	0	0	0	0	0	0	0	0	0	0	0	0	0	0	0	0	0	17	0	0	0	0	0	0	0	0	0	0	0	0	0	0	0	0	0	0	0	0	0	0	116	0	0	0	0	0	0	0	0	0	0	0	0	0	0	0	0	0	0	0	0	0	202	23	0	0	0	0	0	0	0	0	0	0	110	0	11	0	0	21
30	assemblage-743-521	0	0	0	0	0	0	0	0	0	10	0	0	0	0	0	0	0	100	0	0	0	0	0	0	0	15	0	0	0	0	0	0	0	0	0	0	0	0	0	0	0	0	0	0	0	0	0	0	0	0	0	7	0	0	14	0	0	0	0	0	0	0	2	24	0	0	0	0	302	0	0	0	0	0	0	0	0	0	0	0	0	0	9	0	0	17
30	assemblage-548-684	0	0	0	0	0	0	0	0	0	0	0	0	0	0	0	0	0	0	0	0	0	188	0	0	0	0	0	0	0	0	0	0	0	0	0	0	95	0	0	0	0	0	0	0	0	0	0	4	0	0	0	0	0	0	0	74	0	0	0	0	6	0	0	117	0	0	0	0	0	0	0	0	0	0	0	0	0	0	0	0	0	0	0	0	0	16

31	assemblage-599-374	0	0	0	0	0	0	0	0	0	0	0	0	0	0	0	0	0	0	0	0	0	0	0	17	0	0	0	0	0	0	0	0	0	0	0	0	0	0	0	0	0	0	0	0	0	0	116	0	0	0	0	0	0	0	0	0	0	0	0	0	0	0	0	0	0	0	0	0	202	23	0	0	0	0	0	0	0	0	0	0	110	0	11	0	0	21
31	assemblage-743-521	0	0	0	0	0	0	0	0	0	10	0	0	0	0	0	0	0	100	0	0	0	0	0	0	0	15	0	0	0	0	0	0	0	0	0	0	0	0	0	0	0	0	0	0	0	0	0	0	0	0	0	7	0	0	14	0	0	0	0	0	0	0	2	24	0	0	0	0	302	0	0	0	0	0	0	0	0	0	0	0	0	0	9	0	0	17
31	assemblage-403-819	0	0	0	0	0	8	0	0	0	0	0	0	0	0	0	0	0	0	0	0	0	0	0	0	0	0	0	8	0	0	0	0	0	0	0	0	0	0	0	0	0	0	0	0	0	0	0	0	9	0	0	0	0	0	208	0	0	0	0	0	0	0	0	0	0	0	6	0	15	0	0	0	0	0	0	0	0	0	0	228	0	0	0	0	0	18

32	assemblage-756-716	0	0	0	0	0	0	20	0	0	0	0	0	4	0	0	0	0	6	0	0	0	0	0	0	0	47	0	0	0	0	0	0	0	0	0	0	0	0	274	0	0	0	0	0	0	0	0	0	0	0	0	0	0	0	0	0	0	0	0	0	0	0	0	52	0	0	0	0	76	0	0	0	0	0	0	0	0	0	0	0	0	0	0	0	0	21
32	assemblage-800-441	0	0	0	0	0	0	0	0	0	0	0	30	0	0	0	0	0	20	0	0	0	0	0	0	0	22	4	0	0	0	11	0	0	0	0	0	0	0	0	0	0	0	0	0	0	0	6	0	0	0	0	0	0	0	0	0	0	0	0	0	0	0	0	9	0	0	0	0	252	29	0	0	0	0	0	0	0	0	0	0	0	0	100	0	0	17
32	assemblage-977-163	0	0	0	0	0	7	0	0	0	0	52	0	0	0	0	0	0	118	0	0	0	9	0	0	0	0	0	0	0	0	0	0	0	0	0	0	0	0	0	0	0	0	0	0	0	0	0	0	0	0	0	0	0	0	0	0	0	10	0	0	0	0	0	0	0	0	0	0	143	0	0	0	0	0	0	0	0	0	0	139	0	0	0	0	8	14

33	assemblage-756-716	0	0	0	0	0	0	20	0	0	0	0	0	4	0	0	0	0	6	0	0	0	0	0	0	0	47	0	0	0	0	0	0	0	0	0	0	0	0	274	0	0	0	0	0	0	0	0	0	0	0	0	0	0	0	0	0	0	0	0	0	0	0	0	52	0	0	0	0	76	0	0	0	0	0	0	0	0	0	0	0	0	0	0	0	0	21
33	assemblage-768-706	4	0	0	3	0	0	0	0	0	0	0	0	0	0	0	0	0	0	0	0	0	0	0	0	0	45	0	0	0	0	0	0	0	0	0	0	0	0	0	0	0	0	0	0	0	0	0	0	0	0	0	0	0	0	0	0	0	0	0	0	0	0	0	0	0	0	0	5	320	6	0	0	0	0	0	0	0	0	0	0	57	0	19	0	0	41
33	assemblage-718-554	0	0	0	0	0	0	0	0	0	0	0	0	0	0	0	0	0	0	0	0	0	0	0	0	0	0	0	0	0	0	0	0	0	0	0	0	0	0	0	4	0	0	6	0	0	0	2	0	0	0	0	0	0	9	0	0	0	0	35	0	0	0	0	0	0	0	0	0	181	25	0	0	10	0	0	0	0	0	0	0	0	0	208	0	0	20

34	assemblage-756-716	0	0	0	0	0	0	20	0	0	0	0	0	4	0	0	0	0	6	0	0	0	0	0	0	0	47	0	0	0	0	0	0	0	0	0	0	0	0	274	0	0	0	0	0	0	0	0	0	0	0	0	0	0	0	0	0	0	0	0	0	0	0	0	52	0	0	0	0	76	0	0	0	0	0	0	0	0	0	0	0	0	0	0	0	0	21
34	assemblage-743-521	0	0	0	0	0	0	0	0	0	10	0	0	0	0	0	0	0	100	0	0	0	0	0	0	0	15	0	0	0	0	0	0	0	0	0	0	0	0	0	0	0	0	0	0	0	0	0	0	0	0	0	7	0	0	14	0	0	0	0	0	0	0	2	24	0	0	0	0	302	0	0	0	0	0	0	0	0	0	0	0	0	0	9	0	0	17
34	assemblage-977-163	0	0	0	0	0	7	0	0	0	0	52	0	0	0	0	0	0	118	0	0	0	9	0	0	0	0	0	0	0	0	0	0	0	0	0	0	0	0	0	0	0	0	0	0	0	0	0	0	0	0	0	0	0	0	0	0	0	10	0	0	0	0	0	0	0	0	0	0	143	0	0	0	0	0	0	0	0	0	0	139	0	0	0	0	8	14

35	assemblage-756-716	0	0	0	0	0	0	20	0	0	0	0	0	4	0	0	0	0	6	0	0	0	0	0	0	0	47	0	0	0	0	0	0	0	0	0	0	0	0	274	0	0	0	0	0	0	0	0	0	0	0	0	0	0	0	0	0	0	0	0	0	0	0	0	52	0	0	0	0	76	0	0	0	0	0	0	0	0	0	0	0	0	0	0	0	0	21
35	assemblage-743-521	0	0	0	0	0	0	0	0	0	10	0	0	0	0	0	0	0	100	0	0	0	0	0	0	0	15	0	0	0	0	0	0	0	0	0	0	0	0	0	0	0	0	0	0	0	0	0	0	0	0	0	7	0	0	14	0	0	0	0	0	0	0	2	24	0	0	0	0	302	0	0	0	0	0	0	0	0	0	0	0	0	0	9	0	0	17
35	assemblage-403-819	0	0	0	0	0	8	0	0	0	0	0	0	0	0	0	0	0	0	0	0	0	0	0	0	0	0	0	8	0	0	0	0	0	0	0	0	0	0	0	0	0	0	0	0	0	0	0	0	9	0	0	0	0	0	208	0	0	0	0	0	0	0	0	0	0	0	6	0	15	0	0	0	0	0	0	0	0	0	0	228	0	0	0	0	0	18

36	assemblage-756-716	0	0	0	0	0	0	20	0	0	0	0	0	4	0	0	0	0	6	0	0	0	0	0	0	0	47	0	0	0	0	0	0	0	0	0	0	0	0	274	0	0	0	0	0	0	0	0	0	0	0	0	0	0	0	0	0	0	0	0	0	0	0	0	52	0	0	0	0	76	0	0	0	0	0	0	0	0	0	0	0	0	0	0	0	0	21
36	assemblage-599-374	0	0	0	0	0	0	0	0	0	0	0	0	0	0	0	0	0	0	0	0	0	0	0	17	0	0	0	0	0	0	0	0	0	0	0	0	0	0	0	0	0	0	0	0	0	0	116	0	0	0	0	0	0	0	0	0	0	0	0	0	0	0	0	0	0	0	0	0	202	23	0	0	0	0	0	0	0	0	0	0	110	0	11	0	0	21
36	assemblage-718-554	0	0	0	0	0	0	0	0	0	0	0	0	0	0	0	0	0	0	0	0	0	0	0	0	0	0	0	0	0	0	0	0	0	0	0	0	0	0	0	4	0	0	6	0	0	0	2	0	0	0	0	0	0	9	0	0	0	0	35	0	0	0	0	0	0	0	0	0	181	25	0	0	10	0	0	0	0	0	0	0	0	0	208	0	0	20

37	assemblage-756-716	0	0	0	0	0	0	20	0	0	0	0	0	4	0	0	0	0	6	0	0	0	0	0	0	0	47	0	0	0	0	0	0	0	0	0	0	0	0	274	0	0	0	0	0	0	0	0	0	0	0	0	0	0	0	0	0	0	0	0	0	0	0	0	52	0	0	0	0	76	0	0	0	0	0	0	0	0	0	0	0	0	0	0	0	0	21
37	assemblage-599-374	0	0	0	0	0	0	0	0	0	0	0	0	0	0	0	0	0	0	0	0	0	0	0	17	0	0	0	0	0	0	0	0	0	0	0	0	0	0	0	0	0	0	0	0	0	0	116	0	0	0	0	0	0	0	0	0	0	0	0	0	0	0	0	0	0	0	0	0	202	23	0	0	0	0	0	0	0	0	0	0	110	0	11	0	0	21
37	assemblage-403-819	0	0	0	0	0	8	0	0	0	0	0	0	0	0	0	0	0	0	0	0	0	0	0	0	0	0	0	8	0	0	0	0	0	0	0	0	0	0	0	0	0	0	0	0	0	0	0	0	9	0	0	0	0	0	208	0	0	0	0	0	0	0	0	0	0	0	6	0	15	0	0	0	0	0	0	0	0	0	0	228	0	0	0	0	0	18

38	assemblage-249-244	0	0	0	0	0	0	0	0	0	0	0	0	0	0	0	0	0	0	0	0	0	0	0	0	0	0	0	0	42	0	0	0	0	0	0	0	0	0	14	0	0	0	0	0	0	0	8	0	0	0	0	0	0	0	0	0	0	0	0	0	0	0	0	0	0	0	0	0	86	176	0	0	0	0	0	0	0	0	0	0	0	0	162	0	0	12
38	assemblage-718-554	0	0	0	0	0	0	0	0	0	0	0	0	0	0	0	0	0	0	0	0	0	0	0	0	0	0	0	0	0	0	0	0	0	0	0	0	0	0	0	4	0	0	6	0	0	0	2	0	0	0	0	0	0	9	0	0	0	0	35	0	0	0	0	0	0	0	0	0	181	25	0	0	10	0	0	0	0	0	0	0	0	0	208	0	0	20
38	assemblage-977-163	0	0	0	0	0	7	0	0	0	0	52	0	0	0	0	0	0	118	0	0	0	9	0	0	0	0	0	0	0	0	0	0	0	0	0	0	0	0	0	0	0	0	0	0	0	0	0	0	0	0	0	0	0	0	0	0	0	10	0	0	0	0	0	0	0	0	0	0	143	0	0	0	0	0	0	0	0	0	0	139	0	0	0	0	8	14

39	assemblage-249-244	0	0	0	0	0	0	0	0	0	0	0	0	0	0	0	0	0	0	0	0	0	0	0	0	0	0	0	0	42	0	0	0	0	0	0	0	0	0	14	0	0	0	0	0	0	0	8	0	0	0	0	0	0	0	0	0	0	0	0	0	0	0	0	0	0	0	0	0	86	176	0	0	0	0	0	0	0	0	0	0	0	0	162	0	0	12
39	assemblage-718-554	0	0	0	0	0	0	0	0	0	0	0	0	0	0	0	0	0	0	0	0	0	0	0	0	0	0	0	0	0	0	0	0	0	0	0	0	0	0	0	4	0	0	6	0	0	0	2	0	0	0	0	0	0	9	0	0	0	0	35	0	0	0	0	0	0	0	0	0	181	25	0	0	10	0	0	0	0	0	0	0	0	0	208	0	0	20
39	assemblage-548-684	0	0	0	0	0	0	0	0	0	0	0	0	0	0	0	0	0	0	0	0	0	188	0	0	0	0	0	0	0	0	0	0	0	0	0	0	95	0	0	0	0	0	0	0	0	0	0	4	0	0	0	0	0	0	0	74	0	0	0	0	6	0	0	117	0	0	0	0	0	0	0	0	0	0	0	0	0	0	0	0	0	0	0	0	0	16

40	assemblage-249-244	0	0	0	0	0	0	0	0	0	0	0	0	0	0	0	0	0	0	0	0	0	0	0	0	0	0	0	0	42	0	0	0	0	0	0	0	0	0	14	0	0	0	0	0	0	0	8	0	0	0	0	0	0	0	0	0	0	0	0	0	0	0	0	0	0	0	0	0	86	176	0	0	0	0	0	0	0	0	0	0	0	0	162	0	0	12
40	assemblage-800-441	0	0	0	0	0	0	0	0	0	0	0	30	0	0	0	0	0	20	0	0	0	0	0	0	0	22	4	0	0	0	11	0	0	0	0	0	0	0	0	0	0	0	0	0	0	0	6	0	0	0	0	0	0	0	0	0	0	0	0	0	0	0	0	9	0	0	0	0	252	29	0	0	0	0	0	0	0	0	0	0	0	0	100	0	0	17
40	assemblage-977-163	0	0	0	0	0	7	0	0	0	0	52	0	0	0	0	0	0	118	0	0	0	9	0	0	0	0	0	0	0	0	0	0	0	0	0	0	0	0	0	0	0	0	0	0	0	0	0	0	0	0	0	0	0	0	0	0	0	10	0	0	0	0	0	0	0	0	0	0	143	0	0	0	0	0	0	0	0	0	0	139	0	0	0	0	8	14

41	assemblage-249-244	0	0	0	0	0	0	0	0	0	0	0	0	0	0	0	0	0	0	0	0	0	0	0	0	0	0	0	0	42	0	0	0	0	0	0	0	0	0	14	0	0	0	0	0	0	0	8	0	0	0	0	0	0	0	0	0	0	0	0	0	0	0	0	0	0	0	0	0	86	176	0	0	0	0	0	0	0	0	0	0	0	0	162	0	0	12
41	assemblage-800-441	0	0	0	0	0	0	0	0	0	0	0	30	0	0	0	0	0	20	0	0	0	0	0	0	0	22	4	0	0	0	11	0	0	0	0	0	0	0	0	0	0	0	0	0	0	0	6	0	0	0	0	0	0	0	0	0	0	0	0	0	0	0	0	9	0	0	0	0	252	29	0	0	0	0	0	0	0	0	0	0	0	0	100	0	0	17
41	assemblage-548-684	0	0	0	0	0	0	0	0	0	0	0	0	0	0	0	0	0	0	0	0	0	188	0	0	0	0	0	0	0	0	0	0	0	0	0	0	95	0	0	0	0	0	0	0	0	0	0	4	0	0	0	0	0	0	0	74	0	0	0	0	6	0	0	117	0	0	0	0	0	0	0	0	0	0	0	0	0	0	0	0	0	0	0	0	0	16

42	assemblage-249-244	0	0	0	0	0	0	0	0	0	0	0	0	0	0	0	0	0	0	0	0	0	0	0	0	0	0	0	0	42	0	0	0	0	0	0	0	0	0	14	0	0	0	0	0	0	0	8	0	0	0	0	0	0	0	0	0	0	0	0	0	0	0	0	0	0	0	0	0	86	176	0	0	0	0	0	0	0	0	0	0	0	0	162	0	0	12
42	assemblage-768-706	4	0	0	3	0	0	0	0	0	0	0	0	0	0	0	0	0	0	0	0	0	0	0	0	0	45	0	0	0	0	0	0	0	0	0	0	0	0	0	0	0	0	0	0	0	0	0	0	0	0	0	0	0	0	0	0	0	0	0	0	0	0	0	0	0	0	0	5	320	6	0	0	0	0	0	0	0	0	0	0	57	0	19	0	0	41
42	assemblage-632-237	0	0	0	0	0	0	0	0	0	7	0	0	0	0	0	0	0	102	0	0	0	0	0	0	0	10	0	0	0	0	0	0	0	0	0	0	0	0	0	0	0	0	0	0	0	0	0	0	0	0	0	6	0	0	14	0	0	0	0	0	0	0	0	19	0	0	0	0	299	0	0	0	0	0	0	0	0	0	0	0	0	0	17	0	0	26

43	assemblage-249-244	0	0	0	0	0	0	0	0	0	0	0	0	0	0	0	0	0	0	0	0	0	0	0	0	0	0	0	0	42	0	0	0	0	0	0	0	0	0	14	0	0	0	0	0	0	0	8	0	0	0	0	0	0	0	0	0	0	0	0	0	0	0	0	0	0	0	0	0	86	176	0	0	0	0	0	0	0	0	0	0	0	0	162	0	0	12
43	assemblage-768-706	4	0	0	3	0	0	0	0	0	0	0	0	0	0	0	0	0	0	0	0	0	0	0	0	0	45	0	0	0	0	0	0	0	0	0	0	0	0	0	0	0	0	0	0	0	0	0	0	0	0	0	0	0	0	0	0	0	0	0	0	0	0	0	0	0	0	0	5	320	6	0	0	0	0	0	0	0	0	0	0	57	0	19	0	0	41
43	assemblage-977-163	0	0	0	0	0	7	0	0	0	0	52	0	0	0	0	0	0	118	0	0	0	9	0	0	0	0	0	0	0	0	0	0	0	0	0	0	0	0	0	0	0	0	0	0	0	0	0	0	0	0	0	0	0	0	0	0	0	10	0	0	0	0	0	0	0	0	0	0	143	0	0	0	0	0	0	0	0	0	0	139	0	0	0	0	8	14

44	assemblage-249-244	0	0	0	0	0	0	0	0	0	0	0	0	0	0	0	0	0	0	0	0	0	0	0	0	0	0	0	0	42	0	0	0	0	0	0	0	0	0	14	0	0	0	0	0	0	0	8	0	0	0	0	0	0	0	0	0	0	0	0	0	0	0	0	0	0	0	0	0	86	176	0	0	0	0	0	0	0	0	0	0	0	0	162	0	0	12
44	assemblage-768-706	4	0	0	3	0	0	0	0	0	0	0	0	0	0	0	0	0	0	0	0	0	0	0	0	0	45	0	0	0	0	0	0	0	0	0	0	0	0	0	0	0	0	0	0	0	0	0	0	0	0	0	0	0	0	0	0	0	0	0	0	0	0	0	0	0	0	0	5	320	6	0	0	0	0	0	0	0	0	0	0	57	0	19	0	0	41
44	assemblage-548-684	0	0	0	0	0	0	0	0	0	0	0	0	0	0	0	0	0	0	0	0	0	188	0	0	0	0	0	0	0	0	0	0	0	0	0	0	95	0	0	0	0	0	0	0	0	0	0	4	0	0	0	0	0	0	0	74	0	0	0	0	6	0	0	117	0	0	0	0	0	0	0	0	0	0	0	0	0	0	0	0	0	0	0	0	0	16

45	assemblage-249-244	0	0	0	0	0	0	0	0	0	0	0	0	0	0	0	0	0	0	0	0	0	0	0	0	0	0	0	0	42	0	0	0	0	0	0	0	0	0	14	0	0	0	0	0	0	0	8	0	0	0	0	0	0	0	0	0	0	0	0	0	0	0	0	0	0	0	0	0	86	176	0	0	0	0	0	0	0	0	0	0	0	0	162	0	0	12
45	assemblage-403-819	0	0	0	0	0	8	0	0	0	0	0	0	0	0	0	0	0	0	0	0	0	0	0	0	0	0	0	8	0	0	0	0	0	0	0	0	0	0	0	0	0	0	0	0	0	0	0	0	9	0	0	0	0	0	208	0	0	0	0	0	0	0	0	0	0	0	6	0	15	0	0	0	0	0	0	0	0	0	0	228	0	0	0	0	0	18
45	assemblage-548-684	0	0	0	0	0	0	0	0	0	0	0	0	0	0	0	0	0	0	0	0	0	188	0	0	0	0	0	0	0	0	0	0	0	0	0	0	95	0	0	0	0	0	0	0	0	0	0	4	0	0	0	0	0	0	0	74	0	0	0	0	6	0	0	117	0	0	0	0	0	0	0	0	0	0	0	0	0	0	0	0	0	0	0	0	0	16

46	assemblage-249-244	0	0	0	0	0	0	0	0	0	0	0	0	0	0	0	0	0	0	0	0	0	0	0	0	0	0	0	0	42	0	0	0	0	0	0	0	0	0	14	0	0	0	0	0	0	0	8	0	0	0	0	0	0	0	0	0	0	0	0	0	0	0	0	0	0	0	0	0	86	176	0	0	0	0	0	0	0	0	0	0	0	0	162	0	0	12
46	assemblage-743-521	0	0	0	0	0	0	0	0	0	10	0	0	0	0	0	0	0	100	0	0	0	0	0	0	0	15	0	0	0	0	0	0	0	0	0	0	0	0	0	0	0	0	0	0	0	0	0	0	0	0	0	7	0	0	14	0	0	0	0	0	0	0	2	24	0	0	0	0	302	0	0	0	0	0	0	0	0	0	0	0	0	0	9	0	0	17
46	assemblage-977-163	0	0	0	0	0	7	0	0	0	0	52	0	0	0	0	0	0	118	0	0	0	9	0	0	0	0	0	0	0	0	0	0	0	0	0	0	0	0	0	0	0	0	0	0	0	0	0	0	0	0	0	0	0	0	0	0	0	10	0	0	0	0	0	0	0	0	0	0	143	0	0	0	0	0	0	0	0	0	0	139	0	0	0	0	8	14

47	assemblage-249-244	0	0	0	0	0	0	0	0	0	0	0	0	0	0	0	0	0	0	0	0	0	0	0	0	0	0	0	0	42	0	0	0	0	0	0	0	0	0	14	0	0	0	0	0	0	0	8	0	0	0	0	0	0	0	0	0	0	0	0	0	0	0	0	0	0	0	0	0	86	176	0	0	0	0	0	0	0	0	0	0	0	0	162	0	0	12
47	assemblage-743-521	0	0	0	0	0	0	0	0	0	10	0	0	0	0	0	0	0	100	0	0	0	0	0	0	0	15	0	0	0	0	0	0	0	0	0	0	0	0	0	0	0	0	0	0	0	0	0	0	0	0	0	7	0	0	14	0	0	0	0	0	0	0	2	24	0	0	0	0	302	0	0	0	0	0	0	0	0	0	0	0	0	0	9	0	0	17
47	assemblage-548-684	0	0	0	0	0	0	0	0	0	0	0	0	0	0	0	0	0	0	0	0	0	188	0	0	0	0	0	0	0	0	0	0	0	0	0	0	95	0	0	0	0	0	0	0	0	0	0	4	0	0	0	0	0	0	0	74	0	0	0	0	6	0	0	117	0	0	0	0	0	0	0	0	0	0	0	0	0	0	0	0	0	0	0	0	0	16

48	assemblage-249-244	0	0	0	0	0	0	0	0	0	0	0	0	0	0	0	0	0	0	0	0	0	0	0	0	0	0	0	0	42	0	0	0	0	0	0	0	0	0	14	0	0	0	0	0	0	0	8	0	0	0	0	0	0	0	0	0	0	0	0	0	0	0	0	0	0	0	0	0	86	176	0	0	0	0	0	0	0	0	0	0	0	0	162	0	0	12
48	assemblage-743-521	0	0	0	0	0	0	0	0	0	10	0	0	0	0	0	0	0	100	0	0	0	0	0	0	0	15	0	0	0	0	0	0	0	0	0	0	0	0	0	0	0	0	0	0	0	0	0	0	0	0	0	7	0	0	14	0	0	0	0	0	0	0	2	24	0	0	0	0	302	0	0	0	0	0	0	0	0	0	0	0	0	0	9	0	0	17
48	assemblage-403-819	0	0	0	0	0	8	0	0	0	0	0	0	0	0	0	0	0	0	0	0	0	0	0	0	0	0	0	8	0	0	0	0	0	0	0	0	0	0	0	0	0	0	0	0	0	0	0	0	9	0	0	0	0	0	208	0	0	0	0	0	0	0	0	0	0	0	6	0	15	0	0	0	0	0	0	0	0	0	0	228	0	0	0	0	0	18

49	assemblage-249-244	0	0	0	0	0	0	0	0	0	0	0	0	0	0	0	0	0	0	0	0	0	0	0	0	0	0	0	0	42	0	0	0	0	0	0	0	0	0	14	0	0	0	0	0	0	0	8	0	0	0	0	0	0	0	0	0	0	0	0	0	0	0	0	0	0	0	0	0	86	176	0	0	0	0	0	0	0	0	0	0	0	0	162	0	0	12
49	assemblage-599-374	0	0	0	0	0	0	0	0	0	0	0	0	0	0	0	0	0	0	0	0	0	0	0	17	0	0	0	0	0	0	0	0	0	0	0	0	0	0	0	0	0	0	0	0	0	0	116	0	0	0	0	0	0	0	0	0	0	0	0	0	0	0	0	0	0	0	0	0	202	23	0	0	0	0	0	0	0	0	0	0	110	0	11	0	0	21
49	assemblage-977-163	0	0	0	0	0	7	0	0	0	0	52	0	0	0	0	0	0	118	0	0	0	9	0	0	0	0	0	0	0	0	0	0	0	0	0	0	0	0	0	0	0	0	0	0	0	0	0	0	0	0	0	0	0	0	0	0	0	10	0	0	0	0	0	0	0	0	0	0	143	0	0	0	0	0	0	0	0	0	0	139	0	0	0	0	8	14

50	assemblage-249-244	0	0	0	0	0	0	0	0	0	0	0	0	0	0	0	0	0	0	0	0	0	0	0	0	0	0	0	0	42	0	0	0	0	0	0	0	0	0	14	0	0	0	0	0	0	0	8	0	0	0	0	0	0	0	0	0	0	0	0	0	0	0	0	0	0	0	0	0	86	176	0	0	0	0	0	0	0	0	0	0	0	0	162	0	0	12
50	assemblage-599-374	0	0	0	0	0	0	0	0	0	0	0	0	0	0	0	0	0	0	0	0	0	0	0	17	0	0	0	0	0	0	0	0	0	0	0	0	0	0	0	0	0	0	0	0	0	0	116	0	0	0	0	0	0	0	0	0	0	0	0	0	0	0	0	0	0	0	0	0	202	23	0	0	0	0	0	0	0	0	0	0	110	0	11	0	0	21
50	assemblage-548-684	0	0	0	0	0	0	0	0	0	0	0	0	0	0	0	0	0	0	0	0	0	188	0	0	0	0	0	0	0	0	0	0	0	0	0	0	95	0	0	0	0	0	0	0	0	0	0	4	0	0	0	0	0	0	0	74	0	0	0	0	6	0	0	117	0	0	0	0	0	0	0	0	0	0	0	0	0	0	0	0	0	0	0	0	0	16

51	assemblage-249-244	0	0	0	0	0	0	0	0	0	0	0	0	0	0	0	0	0	0	0	0	0	0	0	0	0	0	0	0	42	0	0	0	0	0	0	0	0	0	14	0	0	0	0	0	0	0	8	0	0	0	0	0	0	0	0	0	0	0	0	0	0	0	0	0	0	0	0	0	86	176	0	0	0	0	0	0	0	0	0	0	0	0	162	0	0	12
51	assemblage-599-374	0	0	0	0	0	0	0	0	0	0	0	0	0	0	0	0	0	0	0	0	0	0	0	17	0	0	0	0	0	0	0	0	0	0	0	0	0	0	0	0	0	0	0	0	0	0	116	0	0	0	0	0	0	0	0	0	0	0	0	0	0	0	0	0	0	0	0	0	202	23	0	0	0	0	0	0	0	0	0	0	110	0	11	0	0	21
51	assemblage-403-819	0	0	0	0	0	8	0	0	0	0	0	0	0	0	0	0	0	0	0	0	0	0	0	0	0	0	0	8	0	0	0	0	0	0	0	0	0	0	0	0	0	0	0	0	0	0	0	0	9	0	0	0	0	0	208	0	0	0	0	0	0	0	0	0	0	0	6	0	15	0	0	0	0	0	0	0	0	0	0	228	0	0	0	0	0	18

52	assemblage-249-244	0	0	0	0	0	0	0	0	0	0	0	0	0	0	0	0	0	0	0	0	0	0	0	0	0	0	0	0	42	0	0	0	0	0	0	0	0	0	14	0	0	0	0	0	0	0	8	0	0	0	0	0	0	0	0	0	0	0	0	0	0	0	0	0	0	0	0	0	86	176	0	0	0	0	0	0	0	0	0	0	0	0	162	0	0	12
52	assemblage-599-374	0	0	0	0	0	0	0	0	0	0	0	0	0	0	0	0	0	0	0	0	0	0	0	17	0	0	0	0	0	0	0	0	0	0	0	0	0	0	0	0	0	0	0	0	0	0	116	0	0	0	0	0	0	0	0	0	0	0	0	0	0	0	0	0	0	0	0	0	202	23	0	0	0	0	0	0	0	0	0	0	110	0	11	0	0	21
52	assemblage-743-521	0	0	0	0	0	0	0	0	0	10	0	0	0	0	0	0	0	100	0	0	0	0	0	0	0	15	0	0	0	0	0	0	0	0	0	0	0	0	0	0	0	0	0	0	0	0	0	0	0	0	0	7	0	0	14	0	0	0	0	0	0	0	2	24	0	0	0	0	302	0	0	0	0	0	0	0	0	0	0	0	0	0	9	0	0	17

53	assemblage-249-244	0	0	0	0	0	0	0	0	0	0	0	0	0	0	0	0	0	0	0	0	0	0	0	0	0	0	0	0	42	0	0	0	0	0	0	0	0	0	14	0	0	0	0	0	0	0	8	0	0	0	0	0	0	0	0	0	0	0	0	0	0	0	0	0	0	0	0	0	86	176	0	0	0	0	0	0	0	0	0	0	0	0	162	0	0	12
53	assemblage-756-716	0	0	0	0	0	0	20	0	0	0	0	0	4	0	0	0	0	6	0	0	0	0	0	0	0	47	0	0	0	0	0	0	0	0	0	0	0	0	274	0	0	0	0	0	0	0	0	0	0	0	0	0	0	0	0	0	0	0	0	0	0	0	0	52	0	0	0	0	76	0	0	0	0	0	0	0	0	0	0	0	0	0	0	0	0	21
53	assemblage-548-684	0	0	0	0	0	0	0	0	0	0	0	0	0	0	0	0	0	0	0	0	0	188	0	0	0	0	0	0	0	0	0	0	0	0	0	0	95	0	0	0	0	0	0	0	0	0	0	4	0	0	0	0	0	0	0	74	0	0	0	0	6	0	0	117	0	0	0	0	0	0	0	0	0	0	0	0	0	0	0	0	0	0	0	0	0	16

54	assemblage-249-244	0	0	0	0	0	0	0	0	0	0	0	0	0	0	0	0	0	0	0	0	0	0	0	0	0	0	0	0	42	0	0	0	0	0	0	0	0	0	14	0	0	0	0	0	0	0	8	0	0	0	0	0	0	0	0	0	0	0	0	0	0	0	0	0	0	0	0	0	86	176	0	0	0	0	0	0	0	0	0	0	0	0	162	0	0	12
54	assemblage-756-716	0	0	0	0	0	0	20	0	0	0	0	0	4	0	0	0	0	6	0	0	0	0	0	0	0	47	0	0	0	0	0	0	0	0	0	0	0	0	274	0	0	0	0	0	0	0	0	0	0	0	0	0	0	0	0	0	0	0	0	0	0	0	0	52	0	0	0	0	76	0	0	0	0	0	0	0	0	0	0	0	0	0	0	0	0	21
54	assemblage-403-819	0	0	0	0	0	8	0	0	0	0	0	0	0	0	0	0	0	0	0	0	0	0	0	0	0	0	0	8	0	0	0	0	0	0	0	0	0	0	0	0	0	0	0	0	0	0	0	0	9	0	0	0	0	0	208	0	0	0	0	0	0	0	0	0	0	0	6	0	15	0	0	0	0	0	0	0	0	0	0	228	0	0	0	0	0	18

55	assemblage-158-858	0	0	0	0	19	0	0	0	0	0	0	0	0	0	0	0	0	0	0	0	0	0	0	0	0	0	0	0	0	0	0	0	0	0	0	0	0	0	37	0	0	0	0	0	0	0	0	0	0	0	0	0	0	0	0	0	0	0	0	0	0	0	0	0	0	0	0	0	88	325	0	0	0	0	0	11	0	0	0	0	0	0	0	0	0	20
55	assemblage-718-554	0	0	0	0	0	0	0	0	0	0	0	0	0	0	0	0	0	0	0	0	0	0	0	0	0	0	0	0	0	0	0	0	0	0	0	0	0	0	0	4	0	0	6	0	0	0	2	0	0	0	0	0	0	9	0	0	0	0	35	0	0	0	0	0	0	0	0	0	181	25	0	0	10	0	0	0	0	0	0	0	0	0	208	0	0	20
55	assemblage-632-237	0	0	0	0	0	0	0	0	0	7	0	0	0	0	0	0	0	102	0	0	0	0	0	0	0	10	0	0	0	0	0	0	0	0	0	0	0	0	0	0	0	0	0	0	0	0	0	0	0	0	0	6	0	0	14	0	0	0	0	0	0	0	0	19	0	0	0	0	299	0	0	0	0	0	0	0	0	0	0	0	0	0	17	0	0	26

56	assemblage-158-858	0	0	0	0	19	0	0	0	0	0	0	0	0	0	0	0	0	0	0	0	0	0	0	0	0	0	0	0	0	0	0	0	0	0	0	0	0	0	37	0	0	0	0	0	0	0	0	0	0	0	0	0	0	0	0	0	0	0	0	0	0	0	0	0	0	0	0	0	88	325	0	0	0	0	0	11	0	0	0	0	0	0	0	0	0	20
56	assemblage-718-554	0	0	0	0	0	0	0	0	0	0	0	0	0	0	0	0	0	0	0	0	0	0	0	0	0	0	0	0	0	0	0	0	0	0	0	0	0	0	0	4	0	0	6	0	0	0	2	0	0	0	0	0	0	9	0	0	0	0	35	0	0	0	0	0	0	0	0	0	181	25	0	0	10	0	0	0	0	0	0	0	0	0	208	0	0	20
56	assemblage-977-163	0	0	0	0	0	7	0	0	0	0	52	0	0	0	0	0	0	118	0	0	0	9	0	0	0	0	0	0	0	0	0	0	0	0	0	0	0	0	0	0	0	0	0	0	0	0	0	0	0	0	0	0	0	0	0	0	0	10	0	0	0	0	0	0	0	0	0	0	143	0	0	0	0	0	0	0	0	0	0	139	0	0	0	0	8	14

57	assemblage-158-858	0	0	0	0	19	0	0	0	0	0	0	0	0	0	0	0	0	0	0	0	0	0	0	0	0	0	0	0	0	0	0	0	0	0	0	0	0	0	37	0	0	0	0	0	0	0	0	0	0	0	0	0	0	0	0	0	0	0	0	0	0	0	0	0	0	0	0	0	88	325	0	0	0	0	0	11	0	0	0	0	0	0	0	0	0	20
57	assemblage-718-554	0	0	0	0	0	0	0	0	0	0	0	0	0	0	0	0	0	0	0	0	0	0	0	0	0	0	0	0	0	0	0	0	0	0	0	0	0	0	0	4	0	0	6	0	0	0	2	0	0	0	0	0	0	9	0	0	0	0	35	0	0	0	0	0	0	0	0	0	181	25	0	0	10	0	0	0	0	0	0	0	0	0	208	0	0	20
57	assemblage-548-684	0	0	0	0	0	0	0	0	0	0	0	0	0	0	0	0	0	0	0	0	0	188	0	0	0	0	0	0	0	0	0	0	0	0	0	0	95	0	0	0	0	0	0	0	0	0	0	4	0	0	0	0	0	0	0	74	0	0	0	0	6	0	0	117	0	0	0	0	0	0	0	0	0	0	0	0	0	0	0	0	0	0	0	0	0	16

58	assemblage-158-858	0	0	0	0	19	0	0	0	0	0	0	0	0	0	0	0	0	0	0	0	0	0	0	0	0	0	0	0	0	0	0	0	0	0	0	0	0	0	37	0	0	0	0	0	0	0	0	0	0	0	0	0	0	0	0	0	0	0	0	0	0	0	0	0	0	0	0	0	88	325	0	0	0	0	0	11	0	0	0	0	0	0	0	0	0	20
58	assemblage-800-441	0	0	0	0	0	0	0	0	0	0	0	30	0	0	0	0	0	20	0	0	0	0	0	0	0	22	4	0	0	0	11	0	0	0	0	0	0	0	0	0	0	0	0	0	0	0	6	0	0	0	0	0	0	0	0	0	0	0	0	0	0	0	0	9	0	0	0	0	252	29	0	0	0	0	0	0	0	0	0	0	0	0	100	0	0	17
58	assemblage-977-163	0	0	0	0	0	7	0	0	0	0	52	0	0	0	0	0	0	118	0	0	0	9	0	0	0	0	0	0	0	0	0	0	0	0	0	0	0	0	0	0	0	0	0	0	0	0	0	0	0	0	0	0	0	0	0	0	0	10	0	0	0	0	0	0	0	0	0	0	143	0	0	0	0	0	0	0	0	0	0	139	0	0	0	0	8	14

59	assemblage-158-858	0	0	0	0	19	0	0	0	0	0	0	0	0	0	0	0	0	0	0	0	0	0	0	0	0	0	0	0	0	0	0	0	0	0	0	0	0	0	37	0	0	0	0	0	0	0	0	0	0	0	0	0	0	0	0	0	0	0	0	0	0	0	0	0	0	0	0	0	88	325	0	0	0	0	0	11	0	0	0	0	0	0	0	0	0	20
59	assemblage-800-441	0	0	0	0	0	0	0	0	0	0	0	30	0	0	0	0	0	20	0	0	0	0	0	0	0	22	4	0	0	0	11	0	0	0	0	0	0	0	0	0	0	0	0	0	0	0	6	0	0	0	0	0	0	0	0	0	0	0	0	0	0	0	0	9	0	0	0	0	252	29	0	0	0	0	0	0	0	0	0	0	0	0	100	0	0	17
59	assemblage-548-684	0	0	0	0	0	0	0	0	0	0	0	0	0	0	0	0	0	0	0	0	0	188	0	0	0	0	0	0	0	0	0	0	0	0	0	0	95	0	0	0	0	0	0	0	0	0	0	4	0	0	0	0	0	0	0	74	0	0	0	0	6	0	0	117	0	0	0	0	0	0	0	0	0	0	0	0	0	0	0	0	0	0	0	0	0	16

60	assemblage-158-858	0	0	0	0	19	0	0	0	0	0	0	0	0	0	0	0	0	0	0	0	0	0	0	0	0	0	0	0	0	0	0	0	0	0	0	0	0	0	37	0	0	0	0	0	0	0	0	0	0	0	0	0	0	0	0	0	0	0	0	0	0	0	0	0	0	0	0	0	88	325	0	0	0	0	0	11	0	0	0	0	0	0	0	0	0	20
60	assemblage-768-706	4	0	0	3	0	0	0	0	0	0	0	0	0	0	0	0	0	0	0	0	0	0	0	0	0	45	0	0	0	0	0	0	0	0	0	0	0	0	0	0	0	0	0	0	0	0	0	0	0	0	0	0	0	0	0	0	0	0	0	0	0	0	0	0	0	0	0	5	320	6	0	0	0	0	0	0	0	0	0	0	57	0	19	0	0	41
60	assemblage-632-237	0	0	0	0	0	0	0	0	0	7	0	0	0	0	0	0	0	102	0	0	0	0	0	0	0	10	0	0	0	0	0	0	0	0	0	0	0	0	0	0	0	0	0	0	0	0	0	0	0	0	0	6	0	0	14	0	0	0	0	0	0	0	0	19	0	0	0	0	299	0	0	0	0	0	0	0	0	0	0	0	0	0	17	0	0	26

61	assemblage-158-858	0	0	0	0	19	0	0	0	0	0	0	0	0	0	0	0	0	0	0	0	0	0	0	0	0	0	0	0	0	0	0	0	0	0	0	0	0	0	37	0	0	0	0	0	0	0	0	0	0	0	0	0	0	0	0	0	0	0	0	0	0	0	0	0	0	0	0	0	88	325	0	0	0	0	0	11	0	0	0	0	0	0	0	0	0	20
61	assemblage-768-706	4	0	0	3	0	0	0	0	0	0	0	0	0	0	0	0	0	0	0	0	0	0	0	0	0	45	0	0	0	0	0	0	0	0	0	0	0	0	0	0	0	0	0	0	0	0	0	0	0	0	0	0	0	0	0	0	0	0	0	0	0	0	0	0	0	0	0	5	320	6	0	0	0	0	0	0	0	0	0	0	57	0	19	0	0	41
61	assemblage-977-163	0	0	0	0	0	7	0	0	0	0	52	0	0	0	0	0	0	118	0	0	0	9	0	0	0	0	0	0	0	0	0	0	0	0	0	0	0	0	0	0	0	0	0	0	0	0	0	0	0	0	0	0	0	0	0	0	0	10	0	0	0	0	0	0	0	0	0	0	143	0	0	0	0	0	0	0	0	0	0	139	0	0	0	0	8	14

62	assemblage-158-858	0	0	0	0	19	0	0	0	0	0	0	0	0	0	0	0	0	0	0	0	0	0	0	0	0	0	0	0	0	0	0	0	0	0	0	0	0	0	37	0	0	0	0	0	0	0	0	0	0	0	0	0	0	0	0	0	0	0	0	0	0	0	0	0	0	0	0	0	88	325	0	0	0	0	0	11	0	0	0	0	0	0	0	0	0	20
62	assemblage-768-706	4	0	0	3	0	0	0	0	0	0	0	0	0	0	0	0	0	0	0	0	0	0	0	0	0	45	0	0	0	0	0	0	0	0	0	0	0	0	0	0	0	0	0	0	0	0	0	0	0	0	0	0	0	0	0	0	0	0	0	0	0	0	0	0	0	0	0	5	320	6	0	0	0	0	0	0	0	0	0	0	57	0	19	0	0	41
62	assemblage-548-684	0	0	0	0	0	0	0	0	0	0	0	0	0	0	0	0	0	0	0	0	0	188	0	0	0	0	0	0	0	0	0	0	0	0	0	0	95	0	0	0	0	0	0	0	0	0	0	4	0	0	0	0	0	0	0	74	0	0	0	0	6	0	0	117	0	0	0	0	0	0	0	0	0	0	0	0	0	0	0	0	0	0	0	0	0	16

63	assemblage-158-858	0	0	0	0	19	0	0	0	0	0	0	0	0	0	0	0	0	0	0	0	0	0	0	0	0	0	0	0	0	0	0	0	0	0	0	0	0	0	37	0	0	0	0	0	0	0	0	0	0	0	0	0	0	0	0	0	0	0	0	0	0	0	0	0	0	0	0	0	88	325	0	0	0	0	0	11	0	0	0	0	0	0	0	0	0	20
63	assemblage-403-819	0	0	0	0	0	8	0	0	0	0	0	0	0	0	0	0	0	0	0	0	0	0	0	0	0	0	0	8	0	0	0	0	0	0	0	0	0	0	0	0	0	0	0	0	0	0	0	0	9	0	0	0	0	0	208	0	0	0	0	0	0	0	0	0	0	0	6	0	15	0	0	0	0	0	0	0	0	0	0	228	0	0	0	0	0	18
63	assemblage-548-684	0	0	0	0	0	0	0	0	0	0	0	0	0	0	0	0	0	0	0	0	0	188	0	0	0	0	0	0	0	0	0	0	0	0	0	0	95	0	0	0	0	0	0	0	0	0	0	4	0	0	0	0	0	0	0	74	0	0	0	0	6	0	0	117	0	0	0	0	0	0	0	0	0	0	0	0	0	0	0	0	0	0	0	0	0	16

64	assemblage-158-858	0	0	0	0	19	0	0	0	0	0	0	0	0	0	0	0	0	0	0	0	0	0	0	0	0	0	0	0	0	0	0	0	0	0	0	0	0	0	37	0	0	0	0	0	0	0	0	0	0	0	0	0	0	0	0	0	0	0	0	0	0	0	0	0	0	0	0	0	88	325	0	0	0	0	0	11	0	0	0	0	0	0	0	0	0	20
64	assemblage-743-521	0	0	0	0	0	0	0	0	0	10	0	0	0	0	0	0	0	100	0	0	0	0	0	0	0	15	0	0	0	0	0	0	0	0	0	0	0	0	0	0	0	0	0	0	0	0	0	0	0	0	0	7	0	0	14	0	0	0	0	0	0	0	2	24	0	0	0	0	302	0	0	0	0	0	0	0	0	0	0	0	0	0	9	0	0	17
64	assemblage-977-163	0	0	0	0	0	7	0	0	0	0	52	0	0	0	0	0	0	118	0	0	0	9	0	0	0	0	0	0	0	0	0	0	0	0	0	0	0	0	0	0	0	0	0	0	0	0	0	0	0	0	0	0	0	0	0	0	0	10	0	0	0	0	0	0	0	0	0	0	143	0	0	0	0	0	0	0	0	0	0	139	0	0	0	0	8	14

65	assemblage-158-858	0	0	0	0	19	0	0	0	0	0	0	0	0	0	0	0	0	0	0	0	0	0	0	0	0	0	0	0	0	0	0	0	0	0	0	0	0	0	37	0	0	0	0	0	0	0	0	0	0	0	0	0	0	0	0	0	0	0	0	0	0	0	0	0	0	0	0	0	88	325	0	0	0	0	0	11	0	0	0	0	0	0	0	0	0	20
65	assemblage-743-521	0	0	0	0	0	0	0	0	0	10	0	0	0	0	0	0	0	100	0	0	0	0	0	0	0	15	0	0	0	0	0	0	0	0	0	0	0	0	0	0	0	0	0	0	0	0	0	0	0	0	0	7	0	0	14	0	0	0	0	0	0	0	2	24	0	0	0	0	302	0	0	0	0	0	0	0	0	0	0	0	0	0	9	0	0	17
65	assemblage-548-684	0	0	0	0	0	0	0	0	0	0	0	0	0	0	0	0	0	0	0	0	0	188	0	0	0	0	0	0	0	0	0	0	0	0	0	0	95	0	0	0	0	0	0	0	0	0	0	4	0	0	0	0	0	0	0	74	0	0	0	0	6	0	0	117	0	0	0	0	0	0	0	0	0	0	0	0	0	0	0	0	0	0	0	0	0	16

66	assemblage-158-858	0	0	0	0	19	0	0	0	0	0	0	0	0	0	0	0	0	0	0	0	0	0	0	0	0	0	0	0	0	0	0	0	0	0	0	0	0	0	37	0	0	0	0	0	0	0	0	0	0	0	0	0	0	0	0	0	0	0	0	0	0	0	0	0	0	0	0	0	88	325	0	0	0	0	0	11	0	0	0	0	0	0	0	0	0	20
66	assemblage-743-521	0	0	0	0	0	0	0	0	0	10	0	0	0	0	0	0	0	100	0	0	0	0	0	0	0	15	0	0	0	0	0	0	0	0	0	0	0	0	0	0	0	0	0	0	0	0	0	0	0	0	0	7	0	0	14	0	0	0	0	0	0	0	2	24	0	0	0	0	302	0	0	0	0	0	0	0	0	0	0	0	0	0	9	0	0	17
66	assemblage-403-819	0	0	0	0	0	8	0	0	0	0	0	0	0	0	0	0	0	0	0	0	0	0	0	0	0	0	0	8	0	0	0	0	0	0	0	0	0	0	0	0	0	0	0	0	0	0	0	0	9	0	0	0	0	0	208	0	0	0	0	0	0	0	0	0	0	0	6	0	15	0	0	0	0	0	0	0	0	0	0	228	0	0	0	0	0	18

67	assemblage-158-858	0	0	0	0	19	0	0	0	0	0	0	0	0	0	0	0	0	0	0	0	0	0	0	0	0	0	0	0	0	0	0	0	0	0	0	0	0	0	37	0	0	0	0	0	0	0	0	0	0	0	0	0	0	0	0	0	0	0	0	0	0	0	0	0	0	0	0	0	88	325	0	0	0	0	0	11	0	0	0	0	0	0	0	0	0	20
67	assemblage-599-374	0	0	0	0	0	0	0	0	0	0	0	0	0	0	0	0	0	0	0	0	0	0	0	17	0	0	0	0	0	0	0	0	0	0	0	0	0	0	0	0	0	0	0	0	0	0	116	0	0	0	0	0	0	0	0	0	0	0	0	0	0	0	0	0	0	0	0	0	202	23	0	0	0	0	0	0	0	0	0	0	110	0	11	0	0	21
67	assemblage-977-163	0	0	0	0	0	7	0	0	0	0	52	0	0	0	0	0	0	118	0	0	0	9	0	0	0	0	0	0	0	0	0	0	0	0	0	0	0	0	0	0	0	0	0	0	0	0	0	0	0	0	0	0	0	0	0	0	0	10	0	0	0	0	0	0	0	0	0	0	143	0	0	0	0	0	0	0	0	0	0	139	0	0	0	0	8	14

68	assemblage-158-858	0	0	0	0	19	0	0	0	0	0	0	0	0	0	0	0	0	0	0	0	0	0	0	0	0	0	0	0	0	0	0	0	0	0	0	0	0	0	37	0	0	0	0	0	0	0	0	0	0	0	0	0	0	0	0	0	0	0	0	0	0	0	0	0	0	0	0	0	88	325	0	0	0	0	0	11	0	0	0	0	0	0	0	0	0	20
68	assemblage-599-374	0	0	0	0	0	0	0	0	0	0	0	0	0	0	0	0	0	0	0	0	0	0	0	17	0	0	0	0	0	0	0	0	0	0	0	0	0	0	0	0	0	0	0	0	0	0	116	0	0	0	0	0	0	0	0	0	0	0	0	0	0	0	0	0	0	0	0	0	202	23	0	0	0	0	0	0	0	0	0	0	110	0	11	0	0	21
68	assemblage-548-684	0	0	0	0	0	0	0	0	0	0	0	0	0	0	0	0	0	0	0	0	0	188	0	0	0	0	0	0	0	0	0	0	0	0	0	0	95	0	0	0	0	0	0	0	0	0	0	4	0	0	0	0	0	0	0	74	0	0	0	0	6	0	0	117	0	0	0	0	0	0	0	0	0	0	0	0	0	0	0	0	0	0	0	0	0	16

69	assemblage-158-858	0	0	0	0	19	0	0	0	0	0	0	0	0	0	0	0	0	0	0	0	0	0	0	0	0	0	0	0	0	0	0	0	0	0	0	0	0	0	37	0	0	0	0	0	0	0	0	0	0	0	0	0	0	0	0	0	0	0	0	0	0	0	0	0	0	0	0	0	88	325	0	0	0	0	0	11	0	0	0	0	0	0	0	0	0	20
69	assemblage-599-374	0	0	0	0	0	0	0	0	0	0	0	0	0	0	0	0	0	0	0	0	0	0	0	17	0	0	0	0	0	0	0	0	0	0	0	0	0	0	0	0	0	0	0	0	0	0	116	0	0	0	0	0	0	0	0	0	0	0	0	0	0	0	0	0	0	0	0	0	202	23	0	0	0	0	0	0	0	0	0	0	110	0	11	0	0	21
69	assemblage-403-819	0	0	0	0	0	8	0	0	0	0	0	0	0	0	0	0	0	0	0	0	0	0	0	0	0	0	0	8	0	0	0	0	0	0	0	0	0	0	0	0	0	0	0	0	0	0	0	0	9	0	0	0	0	0	208	0	0	0	0	0	0	0	0	0	0	0	6	0	15	0	0	0	0	0	0	0	0	0	0	228	0	0	0	0	0	18

70	assemblage-158-858	0	0	0	0	19	0	0	0	0	0	0	0	0	0	0	0	0	0	0	0	0	0	0	0	0	0	0	0	0	0	0	0	0	0	0	0	0	0	37	0	0	0	0	0	0	0	0	0	0	0	0	0	0	0	0	0	0	0	0	0	0	0	0	0	0	0	0	0	88	325	0	0	0	0	0	11	0	0	0	0	0	0	0	0	0	20
70	assemblage-599-374	0	0	0	0	0	0	0	0	0	0	0	0	0	0	0	0	0	0	0	0	0	0	0	17	0	0	0	0	0	0	0	0	0	0	0	0	0	0	0	0	0	0	0	0	0	0	116	0	0	0	0	0	0	0	0	0	0	0	0	0	0	0	0	0	0	0	0	0	202	23	0	0	0	0	0	0	0	0	0	0	110	0	11	0	0	21
70	assemblage-743-521	0	0	0	0	0	0	0	0	0	10	0	0	0	0	0	0	0	100	0	0	0	0	0	0	0	15	0	0	0	0	0	0	0	0	0	0	0	0	0	0	0	0	0	0	0	0	0	0	0	0	0	7	0	0	14	0	0	0	0	0	0	0	2	24	0	0	0	0	302	0	0	0	0	0	0	0	0	0	0	0	0	0	9	0	0	17

71	assemblage-158-858	0	0	0	0	19	0	0	0	0	0	0	0	0	0	0	0	0	0	0	0	0	0	0	0	0	0	0	0	0	0	0	0	0	0	0	0	0	0	37	0	0	0	0	0	0	0	0	0	0	0	0	0	0	0	0	0	0	0	0	0	0	0	0	0	0	0	0	0	88	325	0	0	0	0	0	11	0	0	0	0	0	0	0	0	0	20
71	assemblage-756-716	0	0	0	0	0	0	20	0	0	0	0	0	4	0	0	0	0	6	0	0	0	0	0	0	0	47	0	0	0	0	0	0	0	0	0	0	0	0	274	0	0	0	0	0	0	0	0	0	0	0	0	0	0	0	0	0	0	0	0	0	0	0	0	52	0	0	0	0	76	0	0	0	0	0	0	0	0	0	0	0	0	0	0	0	0	21
71	assemblage-548-684	0	0	0	0	0	0	0	0	0	0	0	0	0	0	0	0	0	0	0	0	0	188	0	0	0	0	0	0	0	0	0	0	0	0	0	0	95	0	0	0	0	0	0	0	0	0	0	4	0	0	0	0	0	0	0	74	0	0	0	0	6	0	0	117	0	0	0	0	0	0	0	0	0	0	0	0	0	0	0	0	0	0	0	0	0	16

72	assemblage-158-858	0	0	0	0	19	0	0	0	0	0	0	0	0	0	0	0	0	0	0	0	0	0	0	0	0	0	0	0	0	0	0	0	0	0	0	0	0	0	37	0	0	0	0	0	0	0	0	0	0	0	0	0	0	0	0	0	0	0	0	0	0	0	0	0	0	0	0	0	88	325	0	0	0	0	0	11	0	0	0	0	0	0	0	0	0	20
72	assemblage-756-716	0	0	0	0	0	0	20	0	0	0	0	0	4	0	0	0	0	6	0	0	0	0	0	0	0	47	0	0	0	0	0	0	0	0	0	0	0	0	274	0	0	0	0	0	0	0	0	0	0	0	0	0	0	0	0	0	0	0	0	0	0	0	0	52	0	0	0	0	76	0	0	0	0	0	0	0	0	0	0	0	0	0	0	0	0	21
72	assemblage-403-819	0	0	0	0	0	8	0	0	0	0	0	0	0	0	0	0	0	0	0	0	0	0	0	0	0	0	0	8	0	0	0	0	0	0	0	0	0	0	0	0	0	0	0	0	0	0	0	0	9	0	0	0	0	0	208	0	0	0	0	0	0	0	0	0	0	0	6	0	15	0	0	0	0	0	0	0	0	0	0	228	0	0	0	0	0	18

73	assemblage-158-858	0	0	0	0	19	0	0	0	0	0	0	0	0	0	0	0	0	0	0	0	0	0	0	0	0	0	0	0	0	0	0	0	0	0	0	0	0	0	37	0	0	0	0	0	0	0	0	0	0	0	0	0	0	0	0	0	0	0	0	0	0	0	0	0	0	0	0	0	88	325	0	0	0	0	0	11	0	0	0	0	0	0	0	0	0	20
73	assemblage-249-244	0	0	0	0	0	0	0	0	0	0	0	0	0	0	0	0	0	0	0	0	0	0	0	0	0	0	0	0	42	0	0	0	0	0	0	0	0	0	14	0	0	0	0	0	0	0	8	0	0	0	0	0	0	0	0	0	0	0	0	0	0	0	0	0	0	0	0	0	86	176	0	0	0	0	0	0	0	0	0	0	0	0	162	0	0	12
73	assemblage-977-163	0	0	0	0	0	7	0	0	0	0	52	0	0	0	0	0	0	118	0	0	0	9	0	0	0	0	0	0	0	0	0	0	0	0	0	0	0	0	0	0	0	0	0	0	0	0	0	0	0	0	0	0	0	0	0	0	0	10	0	0	0	0	0	0	0	0	0	0	143	0	0	0	0	0	0	0	0	0	0	139	0	0	0	0	8	14

74	assemblage-639-223	0	0	0	0	0	0	0	0	0	0	0	0	0	0	0	0	0	237	0	0	0	0	0	0	0	0	0	0	0	0	0	0	0	0	0	0	0	0	0	0	0	0	0	14	0	0	0	0	0	0	0	0	0	0	45	0	0	0	0	0	0	0	0	148	0	0	0	0	35	9	0	0	0	0	0	0	0	0	0	0	0	0	4	0	0	8
74	assemblage-718-554	0	0	0	0	0	0	0	0	0	0	0	0	0	0	0	0	0	0	0	0	0	0	0	0	0	0	0	0	0	0	0	0	0	0	0	0	0	0	0	4	0	0	6	0	0	0	2	0	0	0	0	0	0	9	0	0	0	0	35	0	0	0	0	0	0	0	0	0	181	25	0	0	10	0	0	0	0	0	0	0	0	0	208	0	0	20
74	assemblage-571-365	0	0	0	0	10	0	0	0	0	0	0	0	0	0	0	0	0	0	0	0	0	0	0	0	0	0	0	0	0	0	0	0	0	0	0	0	0	3	39	0	0	0	0	0	0	0	0	0	0	0	0	0	0	0	0	0	0	0	0	0	0	0	0	0	0	0	0	0	77	342	0	0	0	0	0	8	0	0	0	0	0	0	0	0	0	21

75	assemblage-639-223	0	0	0	0	0	0	0	0	0	0	0	0	0	0	0	0	0	237	0	0	0	0	0	0	0	0	0	0	0	0	0	0	0	0	0	0	0	0	0	0	0	0	0	14	0	0	0	0	0	0	0	0	0	0	45	0	0	0	0	0	0	0	0	148	0	0	0	0	35	9	0	0	0	0	0	0	0	0	0	0	0	0	4	0	0	8
75	assemblage-599-374	0	0	0	0	0	0	0	0	0	0	0	0	0	0	0	0	0	0	0	0	0	0	0	17	0	0	0	0	0	0	0	0	0	0	0	0	0	0	0	0	0	0	0	0	0	0	116	0	0	0	0	0	0	0	0	0	0	0	0	0	0	0	0	0	0	0	0	0	202	23	0	0	0	0	0	0	0	0	0	0	110	0	11	0	0	21
75	assemblage-571-365	0	0	0	0	10	0	0	0	0	0	0	0	0	0	0	0	0	0	0	0	0	0	0	0	0	0	0	0	0	0	0	0	0	0	0	0	0	3	39	0	0	0	0	0	0	0	0	0	0	0	0	0	0	0	0	0	0	0	0	0	0	0	0	0	0	0	0	0	77	342	0	0	0	0	0	8	0	0	0	0	0	0	0	0	0	21

76	assemblage-639-223	0	0	0	0	0	0	0	0	0	0	0	0	0	0	0	0	0	237	0	0	0	0	0	0	0	0	0	0	0	0	0	0	0	0	0	0	0	0	0	0	0	0	0	14	0	0	0	0	0	0	0	0	0	0	45	0	0	0	0	0	0	0	0	148	0	0	0	0	35	9	0	0	0	0	0	0	0	0	0	0	0	0	4	0	0	8
76	assemblage-599-374	0	0	0	0	0	0	0	0	0	0	0	0	0	0	0	0	0	0	0	0	0	0	0	17	0	0	0	0	0	0	0	0	0	0	0	0	0	0	0	0	0	0	0	0	0	0	116	0	0	0	0	0	0	0	0	0	0	0	0	0	0	0	0	0	0	0	0	0	202	23	0	0	0	0	0	0	0	0	0	0	110	0	11	0	0	21
76	assemblage-718-554	0	0	0	0	0	0	0	0	0	0	0	0	0	0	0	0	0	0	0	0	0	0	0	0	0	0	0	0	0	0	0	0	0	0	0	0	0	0	0	4	0	0	6	0	0	0	2	0	0	0	0	0	0	9	0	0	0	0	35	0	0	0	0	0	0	0	0	0	181	25	0	0	10	0	0	0	0	0	0	0	0	0	208	0	0	20

