Assemblage_Name	9061977-1-1	8294896-8378091-1	227870-1-4229510	4-2492952-1	9181798-3957527-7592136	4-5276383-4669321	7753122-2-431175	9181798-3117198-7592136	9636610-0-3	4-1-9942181	2473746-5276383-4669321	4-7693920-7750398	9623887-1-2060932	9181798-1502609-7592136	4-5877793-4669321	8158736-2-7592136	1-2-9532769	9181798-2-4669321	1-6025387-0	8695831-8378091-1	1448255-2-4669321	3-3-2	0-2-1995998	4-4984435-1	6192733-259050-7592136	4-8378091-1	9623887-1-1	2063955-2-3	7863202-1-1	6889274-1-1	3191128-1-1	4-7151548-7750398	4-2685437-1	6192733-2-7592136	1748456-8378091-1	3948743-1-1	3-3-2147400	9365128-3957527-7592136	7753122-2-4669321	8870343-1-7750398	1-2-0	2777301-1-1	4-1614726-1	9181798-2-2301938	7844269-2-3	0-2-6302437	3966182-7693920-7750398	4651270-3-2794454	5018925-2-4669321	7753122-2-9676178	4-302497-1	4-1648437-1	9181798-5154364-7592136	4-5765550-7750398	4-2-3	3-3-2794454	1679986-2-3	4-1-9142594	4-2849363-1	4-8310257-1	0-2-3258519	8978118-2-7592136	4-2-9334340	0-2-3	9181798-9836127-7592136	9181798-4328863-7592136	1-0-3	4-8112055-4991260	4-1-1	9181798-2-7592136	4-1-658608	4-1-5610076	4-1-3701992	4-1-4229510	1679986-2-6667230	9181798-2-8302053	9181798-9615953-7592136	4-1-9353944	2-4-4	4-2-4669321	4-1-4991260	4-9019547-4669321	4-1-7750398	6268320-8378091-1	9181798-9886437-4669321	9181798-2-9068187
assemblage-637-212	0	0	0	0	0	0	0	0	0	0	0	0	0	0	0	0	0	132	0	17	0	0	0	0	0	122	0	0	0	0	0	0	0	0	11	0	0	0	1	0	0	0	0	0	0	0	0	0	0	0	0	0	0	0	20	0	0	0	0	12	0	0	0	5	0	0	0	0	129	0	8	0	0	0	0	0	0	0	0	0	0	0	28	0	0	15
assemblage-689-564	0	0	0	0	0	0	0	0	0	0	0	0	0	69	0	0	0	0	0	0	0	0	0	0	23	0	0	0	0	0	0	0	0	62	0	0	0	0	0	0	0	0	0	0	0	0	0	0	0	0	0	0	0	0	0	0	0	0	0	0	0	0	0	0	0	0	0	0	118	160	0	0	0	0	0	0	28	0	0	0	0	0	20	0	0	20
assemblage-755-523	0	0	0	0	0	0	0	0	0	0	0	0	0	0	0	0	0	125	0	19	0	0	0	0	0	128	0	0	0	0	0	0	0	0	9	0	0	0	7	0	0	0	0	0	0	0	0	0	0	0	0	0	0	0	17	0	0	0	0	17	0	0	0	0	0	0	0	0	111	0	8	0	0	0	0	0	0	0	0	0	0	0	38	0	0	21
assemblage-746-533	0	0	0	0	0	0	0	0	0	0	0	0	0	0	0	0	0	215	0	0	0	0	0	0	0	0	0	0	0	0	0	0	0	0	0	0	0	0	0	0	0	0	0	27	0	0	0	0	0	0	0	0	0	0	32	0	0	0	0	0	0	0	0	167	0	0	0	0	27	11	0	0	0	0	0	0	0	0	0	0	0	0	0	0	0	21
assemblage-129-651	0	0	0	0	0	0	0	0	0	0	0	0	0	0	0	0	0	0	0	0	0	0	0	0	0	0	0	0	0	0	0	0	0	0	0	0	0	0	0	0	0	0	0	0	0	0	0	0	0	0	0	0	0	0	0	0	0	0	0	0	0	0	0	0	0	0	130	0	315	0	0	0	0	0	0	0	0	0	0	8	0	23	0	0	0	24
assemblage-846-469	0	0	0	0	0	0	0	0	0	0	0	0	0	0	0	0	0	0	0	0	0	0	0	0	0	0	0	0	0	0	0	0	0	0	0	0	0	0	0	14	0	0	4	0	0	0	9	0	0	0	0	0	0	6	0	0	0	0	35	0	0	0	0	0	0	0	0	0	193	38	0	0	12	0	0	0	0	0	0	0	0	0	174	0	0	15
assemblage-245-693	0	0	0	0	0	0	0	0	0	0	47	0	0	0	0	0	0	121	0	0	0	16	0	0	0	0	0	0	0	0	0	0	0	0	0	0	0	0	0	0	0	0	0	0	0	0	0	0	0	0	0	0	0	0	0	0	0	11	0	0	0	0	0	0	0	0	0	0	142	0	0	0	0	0	0	0	0	0	0	135	0	0	0	0	8	20
assemblage-351-762	0	0	0	0	0	0	0	0	0	0	0	0	0	0	16	0	0	0	0	0	0	0	0	0	0	0	0	0	0	0	0	0	0	0	0	0	0	0	0	0	0	0	0	0	0	0	0	0	0	0	0	0	0	0	259	27	0	0	0	0	0	0	0	43	0	0	0	0	0	0	0	0	0	0	0	0	0	0	0	148	0	0	0	0	0	7
assemblage-863-488	0	0	0	0	0	0	0	0	0	0	0	0	0	64	0	0	0	0	0	0	0	0	0	0	22	0	0	0	0	0	0	0	0	59	0	0	0	0	0	0	0	0	0	0	0	0	0	0	0	0	0	0	0	0	0	0	0	0	0	0	0	0	0	0	0	0	0	0	136	138	0	0	0	0	0	0	41	0	0	0	0	0	16	0	0	24
assemblage-164-839	0	0	0	0	9	0	0	0	0	0	0	0	0	0	0	0	0	0	0	0	0	0	0	0	0	0	0	0	0	0	0	0	0	0	0	0	0	0	33	0	0	0	0	0	0	0	0	0	0	0	0	0	0	0	0	0	0	0	0	0	0	0	0	0	0	7	0	0	76	346	0	0	0	0	0	9	0	0	0	0	0	0	0	0	0	20
assemblage-457-924	0	0	0	0	0	0	13	0	0	0	0	0	10	0	0	0	0	8	0	0	0	0	0	0	0	33	5	0	0	0	0	0	0	0	0	0	0	0	269	0	0	0	0	0	0	0	0	0	0	0	0	0	0	0	0	0	0	0	0	0	0	0	0	57	0	0	0	0	82	0	0	0	0	0	0	0	0	0	0	0	0	0	0	0	0	23
assemblage-464-918	0	0	0	0	0	0	6	0	0	0	0	0	11	0	0	0	0	6	0	0	0	0	0	0	0	49	0	0	0	0	0	0	0	0	0	0	0	0	284	0	0	0	0	0	0	0	0	0	0	0	0	0	0	0	0	0	0	0	0	0	0	0	0	62	0	0	0	0	57	0	0	0	0	0	0	0	0	0	0	0	0	0	0	0	0	25
assemblage-797-172	0	0	0	0	0	0	0	0	0	0	0	0	0	0	0	0	0	0	0	0	0	0	0	0	0	0	0	0	0	0	0	18	0	0	0	0	0	0	0	0	0	0	0	0	0	0	0	0	0	0	0	0	0	0	7	0	69	0	0	0	0	0	0	77	0	0	0	0	77	0	0	0	0	0	23	0	0	0	0	0	0	0	204	0	0	25
assemblage-585-363	0	0	0	0	0	0	0	0	0	0	0	0	0	0	0	0	0	0	0	0	0	0	0	15	0	0	0	0	0	0	0	0	0	0	0	0	0	0	0	0	0	0	0	0	0	0	134	0	0	0	0	0	0	0	0	0	0	0	0	0	0	0	0	0	0	0	0	0	223	26	0	0	0	0	0	0	0	0	0	0	84	0	7	0	0	11
assemblage-403-803	0	0	0	0	0	0	0	0	0	0	0	0	0	0	0	0	0	0	0	0	0	0	0	0	0	0	0	4	0	0	0	0	0	0	0	0	0	0	0	0	0	0	0	0	0	0	0	0	5	0	0	0	0	0	224	0	0	0	0	0	0	0	0	0	0	0	5	0	36	0	0	0	0	0	0	0	0	0	0	204	0	0	0	0	0	22
assemblage-601-349	0	0	0	0	0	0	0	0	0	0	0	0	0	0	0	0	0	0	0	0	0	0	0	0	0	0	0	0	0	0	0	0	10	0	0	0	0	0	54	0	0	0	0	0	0	0	19	0	0	24	0	0	0	0	0	0	0	0	0	0	0	0	0	0	4	0	0	0	295	51	0	0	0	0	0	0	0	0	0	0	0	0	26	0	0	17
assemblage-359-767	0	0	0	0	0	0	0	0	0	0	0	0	0	0	26	0	0	0	0	0	0	0	0	0	0	0	0	0	0	0	0	0	0	0	0	0	0	0	0	0	0	0	0	0	0	0	0	0	0	0	0	0	0	0	224	41	0	0	0	0	0	0	0	49	0	0	0	0	0	0	0	0	0	0	0	0	0	0	0	142	0	0	0	0	0	18
assemblage-768-706	4	0	0	3	0	0	0	0	0	0	0	0	0	0	0	0	0	0	0	0	0	0	0	0	0	45	0	0	0	0	0	0	0	0	0	0	0	0	0	0	0	0	0	0	0	0	0	0	0	0	0	0	0	0	0	0	0	0	0	0	0	0	0	0	0	0	0	5	320	6	0	0	0	0	0	0	0	0	0	0	57	0	19	0	0	41
assemblage-606-325	0	0	0	0	0	0	0	0	0	0	0	0	0	0	0	0	0	0	0	0	0	0	0	16	0	0	0	0	0	0	0	0	0	0	0	0	0	0	0	0	0	0	0	0	0	0	104	0	0	0	0	0	0	0	0	0	0	0	0	0	0	0	0	0	0	0	0	0	207	32	0	0	0	0	0	0	0	0	0	0	111	0	9	0	0	21
assemblage-639-223	0	0	0	0	0	0	0	0	0	0	0	0	0	0	0	0	0	237	0	0	0	0	0	0	0	0	0	0	0	0	0	0	0	0	0	0	0	0	0	0	0	0	0	14	0	0	0	0	0	0	0	0	0	0	45	0	0	0	0	0	0	0	0	148	0	0	0	0	35	9	0	0	0	0	0	0	0	0	0	0	0	0	4	0	0	8
assemblage-239-699	0	0	0	0	0	0	0	0	0	0	0	0	0	0	0	0	0	0	0	0	0	3	9	0	0	0	0	0	0	0	0	0	0	0	0	0	0	0	0	0	0	0	0	0	0	0	0	0	0	0	0	0	0	0	0	0	22	0	0	0	0	0	0	327	0	0	0	0	21	0	0	0	0	0	0	0	0	0	0	0	0	0	89	0	0	29
assemblage-942-729	0	0	0	0	0	0	0	0	0	0	0	0	0	0	0	0	0	0	0	0	0	0	0	0	0	0	0	0	0	0	0	0	0	0	0	0	0	0	0	0	0	0	0	0	0	0	0	0	0	0	0	0	0	0	0	0	0	0	0	0	0	18	0	0	0	0	0	0	50	401	0	0	0	0	0	0	0	0	0	0	0	0	12	0	0	19
assemblage-152-651	0	0	0	0	0	0	0	0	0	0	0	0	0	0	0	0	0	0	0	0	0	0	0	0	0	0	0	0	0	0	0	0	0	0	0	0	0	0	0	0	0	0	0	0	0	0	0	0	0	0	0	0	0	0	0	0	0	8	0	0	0	0	0	0	0	0	138	0	299	0	0	0	0	0	0	0	0	0	0	7	0	23	0	0	0	25
assemblage-542-670	0	0	0	0	0	0	0	0	0	0	0	0	0	0	0	0	0	0	0	0	0	177	0	0	0	0	0	0	0	0	0	0	0	0	0	0	93	0	0	0	5	0	0	0	0	0	0	0	0	0	0	0	0	0	0	79	0	0	0	0	1	0	0	130	0	0	0	0	0	0	0	0	0	0	0	0	0	0	0	0	0	0	0	0	0	15
assemblage-978-144	0	0	0	0	0	0	0	0	0	0	0	0	0	0	0	0	0	0	0	0	0	6	10	0	0	0	0	0	0	0	0	0	0	0	0	0	0	0	0	0	0	0	0	0	0	0	0	0	0	0	0	0	0	0	0	0	11	0	0	0	0	0	0	363	0	0	0	0	12	0	0	0	0	0	0	0	0	0	0	0	0	0	79	0	0	19
assemblage-269-238	0	0	0	0	0	0	0	0	0	0	0	0	0	0	0	0	0	0	0	0	0	0	0	0	0	0	0	0	0	0	0	0	0	0	0	0	0	0	60	0	0	0	0	0	0	0	15	0	0	30	0	0	0	0	0	0	0	0	0	0	0	0	0	0	0	0	0	0	289	50	0	0	0	0	0	0	0	0	0	0	0	0	29	0	0	27
assemblage-792-259	0	0	0	0	0	0	0	0	0	0	0	0	0	0	0	0	0	230	0	0	0	0	0	0	0	0	0	0	0	0	0	0	0	0	0	0	0	0	0	0	0	0	0	18	0	0	0	0	0	0	0	0	0	0	42	0	0	0	0	0	0	0	0	153	0	0	0	0	28	5	0	0	0	0	0	0	0	0	0	0	0	0	0	0	0	24
assemblage-1000-159	0	0	0	0	0	0	0	0	0	0	0	0	0	0	22	0	0	0	0	0	0	0	0	0	0	0	0	0	0	0	0	0	0	0	0	0	0	0	0	0	0	0	0	0	0	0	0	0	0	0	0	0	0	0	253	27	0	0	0	0	0	0	0	46	0	0	0	0	0	0	0	0	0	0	0	0	0	0	0	140	0	0	0	0	0	12
assemblage-632-237	0	0	0	0	0	0	0	0	0	7	0	0	0	0	0	0	0	102	0	0	0	0	0	0	0	10	0	0	0	0	0	0	0	0	0	0	0	0	0	0	0	0	0	0	0	0	0	0	0	0	0	6	0	0	14	0	0	0	0	0	0	0	0	19	0	0	0	0	299	0	0	0	0	0	0	0	0	0	0	0	0	0	17	0	0	26
assemblage-954-637	0	0	0	0	0	0	0	0	0	0	0	0	0	0	0	0	0	0	0	0	0	0	0	0	0	0	0	0	0	0	0	0	0	0	0	0	0	0	0	0	195	0	0	0	0	16	0	0	0	0	0	0	0	0	0	0	0	0	0	0	0	0	0	269	0	0	0	0	0	0	0	0	0	0	0	0	0	0	4	0	0	0	0	0	0	16
assemblage-363-782	0	0	0	0	0	0	0	0	0	0	6	0	0	0	0	0	0	0	0	0	0	10	0	0	0	0	0	0	0	0	0	0	0	0	0	0	0	0	0	0	0	0	0	0	0	0	0	0	0	0	0	0	0	0	11	20	0	0	0	0	0	0	0	13	0	0	0	0	402	0	0	0	0	0	0	0	0	0	0	22	0	0	0	0	0	16
assemblage-552-648	0	0	0	0	0	0	0	0	0	0	0	0	0	0	0	0	0	0	0	0	0	207	0	0	0	0	0	0	0	0	0	0	0	0	0	0	86	0	0	0	0	0	0	0	0	0	0	0	0	0	0	0	0	0	0	77	0	0	0	0	7	0	0	94	0	0	0	0	0	0	0	0	0	0	0	0	0	0	0	0	0	0	0	0	0	29
assemblage-447-927	0	0	0	0	0	0	0	0	0	0	0	16	0	0	0	0	0	21	0	0	0	0	0	0	0	19	3	0	0	0	5	0	0	0	0	0	0	0	0	0	0	0	0	0	0	0	5	0	0	0	0	0	0	0	0	0	0	0	0	0	0	0	0	14	0	0	0	0	265	33	0	0	0	0	0	0	0	0	0	0	0	0	95	0	0	24
assemblage-717-153	0	0	0	0	0	0	0	0	0	0	0	0	0	0	0	0	0	0	0	0	0	7	12	0	0	0	0	0	0	0	0	0	0	0	0	0	0	0	0	0	0	0	0	0	0	0	0	0	0	0	0	0	0	0	0	0	22	0	0	0	0	0	0	321	0	0	0	0	15	0	0	0	0	0	0	0	0	0	0	0	0	0	91	0	0	32
assemblage-250-701	0	0	0	0	0	0	0	0	0	0	0	0	0	0	0	0	0	0	0	0	0	6	13	0	0	0	0	0	0	0	0	0	0	0	0	0	0	0	0	0	0	0	0	0	0	0	0	0	0	0	0	0	0	0	0	0	16	0	0	0	0	0	0	340	0	0	0	0	22	0	0	0	0	0	0	0	0	0	0	0	0	0	76	0	0	27
assemblage-746-549	0	0	0	0	0	0	0	0	0	0	0	0	0	0	0	0	0	213	0	0	0	0	0	0	0	0	0	0	0	0	0	0	0	0	0	0	0	0	0	0	0	0	0	26	0	0	0	0	0	0	0	0	0	0	43	0	0	0	0	0	0	0	0	177	0	0	0	0	21	8	0	0	0	0	0	0	0	0	0	0	0	0	0	0	0	12
assemblage-268-692	0	0	0	0	0	0	0	0	0	0	0	0	0	0	0	0	0	0	0	0	0	3	0	0	0	0	0	0	0	0	0	0	0	0	0	0	0	0	0	0	0	0	0	0	0	0	0	0	0	0	0	0	0	0	5	31	0	0	0	0	0	0	0	15	0	0	0	0	418	0	0	0	0	0	0	0	0	0	0	9	0	0	0	0	0	19
assemblage-648-198	0	8	0	0	0	0	0	0	0	0	0	0	0	0	0	0	0	124	0	20	0	0	0	0	0	127	0	0	0	0	0	0	0	0	8	0	0	0	0	0	0	0	0	0	0	0	0	0	0	0	0	0	0	0	21	0	0	0	0	13	0	0	0	0	0	0	0	0	112	0	9	0	0	0	0	0	0	0	0	0	0	0	30	0	0	28
assemblage-919-741	0	0	0	0	0	0	0	0	0	0	0	0	0	0	0	0	0	0	0	0	0	0	0	0	0	0	0	0	0	0	0	0	0	0	0	0	0	0	0	6	0	0	8	0	0	0	7	0	0	0	0	0	0	5	0	0	0	0	29	0	0	0	0	0	0	0	0	0	174	27	0	0	17	0	0	0	0	0	0	0	0	0	199	0	0	28
assemblage-629-202	0	0	0	0	0	0	0	0	0	0	0	0	0	0	0	0	0	213	0	0	0	0	0	0	0	0	0	0	0	0	0	0	0	0	0	0	0	0	0	0	0	0	0	23	0	0	0	0	0	0	0	0	0	0	46	0	0	0	0	0	0	0	0	182	0	0	0	0	19	6	0	0	0	0	0	0	0	0	0	0	0	0	0	0	0	11
assemblage-743-521	0	0	0	0	0	0	0	0	0	10	0	0	0	0	0	0	0	100	0	0	0	0	0	0	0	15	0	0	0	0	0	0	0	0	0	0	0	0	0	0	0	0	0	0	0	0	0	0	0	0	0	7	0	0	14	0	0	0	0	0	0	0	2	24	0	0	0	0	302	0	0	0	0	0	0	0	0	0	0	0	0	0	9	0	0	17
assemblage-774-258	0	6	0	0	0	0	0	0	0	0	0	0	0	0	0	0	0	119	0	14	0	0	0	0	0	139	0	0	0	0	0	0	0	0	14	0	0	0	6	0	0	0	0	0	0	0	0	0	0	0	0	0	0	0	17	0	0	0	0	12	0	0	0	9	0	0	0	0	107	0	5	0	0	0	0	0	0	0	0	0	0	0	42	0	0	10
assemblage-616-193	0	0	0	0	0	0	0	0	0	0	0	0	0	0	0	0	0	8	0	0	0	0	0	0	0	0	0	0	0	0	0	21	0	0	0	0	0	0	0	0	0	0	0	0	0	0	0	0	0	0	0	0	0	0	10	0	67	0	0	0	0	0	0	78	0	0	0	0	76	0	0	0	0	0	37	0	0	0	0	0	0	0	182	0	0	21
assemblage-414-844	0	0	0	0	0	0	0	0	0	0	0	0	0	0	0	0	0	0	0	0	0	0	0	0	0	0	0	11	0	0	0	0	0	0	0	0	0	0	0	0	0	0	0	0	0	0	0	0	11	0	0	0	0	0	181	0	0	0	0	0	0	0	0	0	0	0	5	0	17	0	0	0	0	0	0	0	0	0	0	240	0	0	0	0	0	35
assemblage-856-486	0	0	0	0	0	0	0	0	0	0	0	0	0	0	0	0	0	0	0	0	0	0	0	0	0	0	0	0	0	0	0	0	0	0	0	0	0	0	0	4	0	0	7	0	0	0	5	0	0	0	0	0	0	8	0	0	0	0	24	0	0	0	0	0	0	0	0	0	184	34	0	0	15	0	0	0	0	0	0	0	0	0	208	0	0	11
assemblage-902-761	0	0	0	0	0	0	0	0	0	0	0	19	0	0	0	0	0	14	0	0	0	0	0	0	0	24	0	0	0	0	10	0	0	0	0	0	0	0	0	0	0	0	0	0	0	0	4	0	0	0	0	0	0	0	0	0	0	0	0	0	0	0	0	7	0	0	0	0	251	32	0	0	0	0	0	0	0	0	0	0	0	0	122	0	0	17
assemblage-799-430	0	0	0	0	0	0	13	0	0	0	0	0	15	0	0	0	0	11	0	0	0	0	0	0	0	40	0	0	0	0	0	0	0	0	0	0	0	0	239	0	0	0	0	0	0	0	0	0	0	0	0	0	0	0	0	0	0	0	0	0	0	0	0	58	0	0	0	0	91	0	0	0	0	0	0	0	0	0	0	0	0	0	0	0	0	33
assemblage-593-369	0	0	0	0	11	0	0	0	0	0	0	0	0	0	0	0	0	0	0	0	0	0	0	0	0	0	0	0	0	0	0	0	0	0	0	0	0	0	39	0	0	0	0	0	0	0	0	0	0	0	0	0	0	0	0	0	0	0	0	0	0	0	0	0	0	0	0	0	90	323	0	0	0	0	0	14	0	0	0	0	0	0	0	0	0	23
assemblage-768-710	0	0	0	0	0	0	17	0	0	0	0	0	5	0	0	0	0	4	0	0	0	0	0	0	0	60	4	0	0	0	0	0	0	0	0	0	0	0	256	0	0	0	0	0	0	0	0	0	0	0	6	0	0	0	0	0	0	0	0	0	0	0	0	55	0	0	0	0	62	0	0	0	0	0	0	0	0	0	0	0	0	0	0	0	0	31
assemblage-904-761	0	0	0	0	0	0	11	0	0	0	0	0	10	0	0	0	0	8	0	0	0	0	0	0	0	62	0	0	0	0	0	0	0	0	0	0	0	0	253	0	0	0	0	0	0	0	0	0	0	0	0	0	0	0	0	0	0	0	0	0	0	0	0	48	0	0	0	0	79	0	0	0	0	0	0	0	0	0	0	0	0	0	0	0	0	29
assemblage-151-857	0	0	0	0	12	0	0	0	0	0	0	0	0	0	0	0	0	0	0	0	0	0	0	0	0	0	0	0	0	0	0	0	0	0	0	0	0	0	44	0	0	0	0	0	0	0	0	0	0	0	0	0	0	0	0	0	0	0	0	0	0	0	0	0	0	0	0	0	89	327	0	0	0	0	0	12	0	0	0	0	0	0	0	0	0	16
assemblage-589-358	0	0	0	0	0	0	0	0	0	0	0	0	0	0	0	0	0	0	0	0	0	0	0	0	0	0	0	0	32	0	0	0	0	0	0	0	0	0	13	0	0	0	0	0	0	0	6	0	0	0	0	0	0	0	0	0	0	0	0	0	0	0	0	0	0	0	0	0	106	166	0	0	0	0	0	0	0	0	0	0	0	0	154	0	0	23
assemblage-723-168	0	0	0	0	0	0	0	0	0	0	3	0	0	0	0	0	0	0	0	0	0	6	0	0	0	0	0	0	0	0	0	0	0	0	0	0	0	0	0	0	0	0	0	0	0	0	0	0	0	0	0	0	0	0	3	24	0	0	0	0	0	0	0	14	0	0	0	0	395	0	0	0	0	0	0	0	0	0	0	20	0	0	0	0	0	35
assemblage-714-569	0	0	0	0	0	0	0	0	0	0	0	0	0	0	0	0	0	0	0	0	0	0	0	0	0	0	0	0	0	0	0	0	0	0	0	0	0	0	0	0	0	0	0	0	0	0	0	0	0	0	0	0	0	0	0	0	0	0	0	0	0	29	0	0	0	0	0	0	53	388	0	0	0	0	0	0	0	0	0	0	0	0	16	0	0	14
assemblage-708-159	0	0	0	0	0	0	0	0	0	0	7	0	0	0	0	0	0	0	0	0	0	11	0	0	0	0	0	0	0	0	0	0	0	0	0	0	0	0	0	0	0	0	0	0	0	0	0	0	0	0	0	0	0	0	0	25	0	0	0	0	0	0	0	13	0	0	0	0	406	0	0	0	0	0	0	0	0	0	0	15	0	0	0	0	0	23
assemblage-320-495	0	0	0	0	0	0	0	0	0	0	0	0	0	0	0	0	0	0	0	0	0	0	0	13	0	0	0	0	0	0	0	0	0	0	0	0	0	0	0	0	0	0	0	0	0	0	139	0	0	0	0	0	0	0	0	0	0	0	0	0	0	0	0	0	0	0	0	0	193	35	0	0	0	0	0	0	0	0	0	0	91	0	3	0	0	26
assemblage-723-161	0	0	0	0	0	0	0	0	0	0	9	0	0	0	4	0	0	37	0	0	0	8	0	0	0	0	0	0	0	0	0	0	0	0	0	0	0	0	0	0	0	0	0	0	0	0	0	0	0	0	0	0	0	0	58	15	0	0	0	0	0	0	0	90	0	0	0	0	140	0	0	0	0	0	0	0	0	0	0	78	0	0	18	0	0	43
assemblage-327-494	0	0	0	0	13	0	0	0	0	0	0	0	0	0	0	0	0	0	0	0	0	0	0	0	0	0	0	0	0	0	0	0	0	0	0	0	0	6	45	0	0	0	0	0	0	0	0	0	0	0	0	0	0	0	0	0	0	0	0	0	0	0	0	0	0	0	0	0	91	319	0	0	0	0	0	13	0	0	0	0	0	0	0	0	0	13
assemblage-133-661	0	0	0	0	0	0	0	0	0	0	0	0	0	0	0	0	0	0	0	0	0	0	0	0	0	0	0	0	0	0	0	0	0	0	0	0	0	0	0	0	0	0	0	0	0	0	0	0	0	0	0	0	0	0	6	0	0	0	0	0	0	0	0	0	0	0	153	0	287	0	0	0	0	0	0	0	0	0	0	12	0	11	0	0	0	31
assemblage-976-160	0	0	0	0	0	0	0	0	0	0	7	0	0	0	0	0	0	0	0	0	0	10	0	0	0	0	0	0	0	0	0	0	0	0	0	0	0	0	0	0	0	0	0	0	0	0	0	0	0	0	0	0	0	0	0	28	0	0	0	0	0	0	0	23	0	0	0	0	385	0	0	0	0	0	0	0	0	0	0	22	0	0	0	0	0	25
assemblage-833-481	0	0	0	0	0	0	0	0	0	0	0	0	0	0	0	0	0	0	0	0	0	0	0	0	0	0	0	0	0	0	0	0	0	0	0	0	0	0	0	0	0	0	0	0	0	0	0	0	0	0	0	0	0	0	0	0	0	0	0	0	0	22	0	0	0	0	0	0	57	372	0	0	0	0	0	0	0	0	0	0	0	0	25	0	0	24
assemblage-137-632	0	0	0	0	0	0	0	0	3	0	0	0	0	0	0	0	0	0	0	0	0	0	0	0	0	0	0	0	0	0	0	0	0	0	0	0	0	0	0	0	0	0	0	0	0	0	0	0	0	0	0	0	0	0	0	0	0	7	0	0	0	0	0	0	0	0	143	0	291	0	0	0	0	0	0	0	0	0	0	11	0	23	0	0	0	22
assemblage-632-201	0	0	0	0	0	0	0	0	0	0	0	0	0	0	0	0	0	216	0	0	0	0	0	0	0	0	0	0	0	0	0	0	0	0	0	0	0	0	0	0	0	0	0	29	0	0	0	0	0	0	0	0	0	0	43	0	0	0	0	0	0	0	0	173	0	0	0	0	19	0	0	0	0	0	0	0	0	0	0	0	0	0	0	0	0	20
assemblage-249-244	0	0	0	0	0	0	0	0	0	0	0	0	0	0	0	0	0	0	0	0	0	0	0	0	0	0	0	0	42	0	0	0	0	0	0	0	0	0	14	0	0	0	0	0	0	0	8	0	0	0	0	0	0	0	0	0	0	0	0	0	0	0	0	0	0	0	0	0	86	176	0	0	0	0	0	0	0	0	0	0	0	0	162	0	0	12
assemblage-246-699	0	0	0	0	0	0	0	0	0	0	0	0	0	0	0	0	0	0	0	0	0	3	7	0	0	0	0	0	0	0	0	0	0	0	0	0	0	0	0	0	0	0	0	0	0	0	0	0	0	0	0	0	0	0	0	0	22	0	0	0	0	0	0	327	0	0	0	0	13	0	0	0	0	0	0	0	0	0	0	0	0	0	95	0	0	33
assemblage-916-740	0	0	0	0	0	0	0	0	0	0	0	0	0	0	0	0	0	0	0	0	0	0	0	0	0	0	0	0	0	0	0	0	0	0	0	0	0	0	0	0	0	0	0	0	0	0	0	0	0	0	0	0	0	0	0	0	0	0	0	0	0	25	0	0	0	0	0	0	66	373	0	0	0	0	0	0	0	0	0	0	0	0	15	0	0	21
assemblage-267-244	0	0	0	0	0	0	0	0	0	0	0	0	0	0	0	0	0	0	0	0	0	0	0	13	0	0	0	0	0	0	0	0	0	0	0	5	0	0	0	0	0	0	0	0	0	0	126	0	0	0	0	0	0	0	0	0	0	0	0	0	0	0	0	0	0	0	0	0	192	33	0	0	0	0	0	0	0	0	0	0	110	0	6	0	0	15
assemblage-927-718	0	0	0	0	0	0	0	0	0	0	0	0	0	52	0	0	0	0	0	0	0	0	0	0	24	0	0	0	0	0	0	0	0	89	0	0	0	0	0	0	0	0	0	0	0	0	0	0	0	0	0	0	0	0	0	0	0	0	0	0	0	0	0	0	0	0	0	0	129	143	0	0	0	0	0	0	34	0	0	0	0	0	12	0	0	17
assemblage-389-812	0	0	0	0	0	6	0	0	0	0	0	0	0	0	0	0	0	0	0	0	0	0	0	0	0	0	0	3	0	0	0	0	0	0	0	0	0	0	0	0	0	0	0	0	0	0	0	0	8	0	0	0	0	0	218	0	0	0	0	0	0	0	0	0	0	0	8	0	23	0	0	0	0	0	0	0	0	0	0	212	0	0	0	0	0	22
assemblage-941-646	0	0	0	0	0	0	0	0	0	0	0	0	0	0	0	0	0	0	0	0	0	51	0	0	0	0	0	0	0	0	0	0	0	0	0	0	14	0	0	0	47	0	0	0	0	9	0	0	0	0	0	0	0	0	60	19	0	0	0	0	0	0	0	116	0	0	36	0	78	0	0	0	0	0	0	0	0	0	0	44	0	9	0	0	0	17
assemblage-157-857	0	0	0	0	0	0	0	0	0	0	0	0	0	0	0	0	0	0	0	0	0	0	0	27	0	0	0	0	0	0	0	0	0	0	0	3	0	0	0	0	0	0	0	0	0	0	117	0	0	0	0	0	0	0	0	0	0	0	0	0	0	0	0	0	0	0	0	0	183	37	0	0	0	0	0	0	0	0	0	0	104	0	0	0	0	29
assemblage-277-695	0	0	0	0	0	0	0	0	0	0	0	0	0	0	0	0	0	0	0	0	0	9	18	0	0	0	0	0	0	0	0	0	0	0	0	0	0	0	0	0	0	0	0	0	0	0	0	0	0	0	0	0	0	0	0	0	14	0	0	0	0	0	0	338	0	0	0	0	12	0	0	0	0	0	0	0	0	0	0	0	0	0	71	0	0	38
assemblage-599-374	0	0	0	0	0	0	0	0	0	0	0	0	0	0	0	0	0	0	0	0	0	0	0	17	0	0	0	0	0	0	0	0	0	0	0	0	0	0	0	0	0	0	0	0	0	0	116	0	0	0	0	0	0	0	0	0	0	0	0	0	0	0	0	0	0	0	0	0	202	23	0	0	0	0	0	0	0	0	0	0	110	0	11	0	0	21
assemblage-455-938	0	0	0	0	0	0	0	0	0	0	0	4	0	0	0	0	0	8	0	0	0	0	0	0	0	36	0	0	0	0	0	0	0	0	0	0	0	0	77	0	0	0	0	0	0	0	0	0	0	0	0	0	0	0	0	0	0	0	0	0	0	0	0	22	0	0	0	0	157	72	0	0	0	19	0	0	0	0	0	0	18	0	51	0	0	36
assemblage-759-507	0	6	0	0	0	0	0	0	0	0	0	0	0	0	0	0	0	110	0	14	0	0	0	0	0	140	0	0	0	0	0	0	0	0	17	0	0	0	4	0	0	0	0	0	0	0	0	0	0	0	0	0	0	0	19	0	0	0	0	12	0	0	0	7	0	0	0	0	118	0	13	0	0	0	0	0	0	0	0	0	0	0	28	0	0	12
assemblage-547-664	0	0	0	0	0	0	0	0	0	0	0	0	0	0	0	0	0	0	0	0	0	204	0	0	0	0	0	0	0	0	0	0	0	0	0	0	90	0	0	0	0	0	0	0	0	0	0	0	0	0	0	0	0	0	0	57	0	0	0	0	7	0	0	116	0	0	0	0	0	0	0	0	0	0	0	0	0	0	0	0	0	0	0	0	0	26
assemblage-775-534	0	0	0	0	0	0	0	0	0	0	0	0	0	0	0	0	0	0	0	0	0	0	0	0	0	0	0	0	0	0	0	31	0	0	0	0	0	0	0	0	0	0	0	0	0	0	0	0	0	0	0	0	0	0	13	0	70	0	0	0	0	0	0	85	0	0	0	0	50	0	0	0	0	0	28	0	0	0	0	0	0	0	192	0	0	31
assemblage-799-159	0	0	0	0	0	0	0	0	0	18	0	0	0	0	0	0	0	88	0	0	0	0	0	0	0	17	0	0	0	0	0	0	0	0	0	0	0	0	0	0	0	0	0	0	0	0	0	0	0	0	0	0	0	0	9	0	0	0	0	0	0	0	0	20	0	0	0	0	309	0	0	0	0	0	0	0	0	0	0	0	0	0	13	0	0	26
assemblage-930-730	0	0	0	0	0	0	0	0	0	0	0	0	0	0	0	0	0	0	0	0	0	0	0	0	0	0	0	0	0	0	0	0	0	0	0	0	0	0	0	8	0	0	6	0	0	0	4	0	0	0	0	0	0	5	0	0	0	0	39	0	0	0	0	0	0	0	0	0	140	35	0	0	15	0	0	0	0	0	0	0	0	0	228	0	0	20
assemblage-816-440	0	0	0	0	0	0	0	0	0	0	0	21	0	0	0	0	0	19	0	0	0	0	0	0	0	27	0	0	0	0	12	0	0	0	0	0	0	0	0	0	0	0	0	0	0	0	8	0	0	0	0	0	0	0	0	0	0	0	0	0	0	0	0	12	0	0	0	0	239	47	0	0	0	0	0	0	0	0	0	0	0	0	103	0	0	12
assemblage-403-242	0	0	0	0	0	0	0	0	0	0	0	0	0	0	0	0	0	0	0	0	0	0	0	0	0	0	0	0	0	0	0	0	0	0	0	0	0	0	0	0	0	0	0	0	0	0	0	0	0	0	0	0	0	0	0	0	0	0	0	0	0	25	0	0	0	0	0	0	57	386	0	0	0	0	0	0	0	0	0	0	0	0	9	0	0	23
assemblage-717-580	0	0	0	0	0	0	0	5	0	0	0	0	0	0	0	0	0	0	0	0	0	0	0	0	0	0	0	0	0	0	0	0	0	0	0	0	0	0	0	0	0	0	0	0	0	0	0	0	0	0	0	0	12	0	0	0	0	0	0	0	0	0	0	0	0	0	0	0	130	310	0	0	0	0	0	0	0	0	0	0	0	0	17	0	0	26
assemblage-771-714	8	0	0	0	0	0	0	0	0	0	0	0	0	0	0	0	0	9	0	0	0	0	0	0	0	32	0	0	0	0	0	0	0	0	0	0	0	0	0	0	0	0	0	0	0	0	0	0	0	0	0	0	0	0	0	0	0	0	0	0	0	0	0	0	0	0	0	9	336	5	0	0	0	0	0	0	0	0	0	0	52	0	14	7	0	28
assemblage-403-277	0	0	0	0	0	0	0	0	0	0	0	0	0	0	0	0	0	0	0	0	0	0	0	0	0	0	0	0	0	0	0	0	0	0	0	0	0	0	0	0	0	0	0	0	0	0	0	0	0	0	0	0	8	0	0	0	0	0	0	0	0	0	0	0	0	0	0	0	140	317	0	0	0	0	0	0	0	0	0	0	0	0	16	0	0	19
assemblage-727-156	0	0	0	0	0	0	0	0	0	0	0	0	0	0	0	0	0	0	0	0	0	4	0	0	0	0	0	0	0	0	0	0	0	0	0	0	0	0	0	0	0	0	0	0	0	0	0	0	0	0	0	0	0	0	8	27	0	0	0	0	0	0	0	10	0	0	0	0	416	0	0	0	0	0	0	0	0	0	0	15	0	0	0	0	0	20
assemblage-358-771	0	0	0	0	0	0	0	0	0	0	0	0	0	0	21	0	0	0	0	0	0	0	0	0	0	0	0	0	0	0	0	0	0	0	0	0	0	0	0	0	0	0	0	0	0	0	0	0	0	0	0	0	0	0	250	26	0	0	0	0	0	0	0	51	0	0	0	0	0	0	0	0	0	0	0	0	0	0	0	136	0	0	0	0	0	16
assemblage-423-796	0	0	0	0	0	0	0	0	0	0	0	0	0	0	0	0	0	0	0	0	0	0	0	0	0	0	0	6	0	0	0	0	0	0	0	0	0	0	0	0	0	0	0	0	0	0	0	0	10	0	0	0	0	0	210	0	0	0	0	0	0	0	0	0	0	0	6	0	26	0	0	0	0	0	0	0	0	0	0	220	0	0	0	0	0	22
assemblage-723-587	0	0	0	0	0	0	0	0	0	0	0	0	0	58	0	0	0	0	0	0	0	0	0	0	18	0	0	0	0	0	0	0	0	61	0	0	0	0	0	0	0	0	0	0	0	0	0	0	0	0	0	0	0	0	0	0	0	0	0	0	0	0	0	0	0	0	0	0	145	146	0	0	0	0	0	0	33	0	0	0	0	0	19	0	0	20
assemblage-467-923	0	0	0	0	0	0	0	0	0	0	0	0	0	0	0	0	0	0	0	0	0	0	0	0	0	47	0	0	0	0	0	0	0	0	0	0	0	0	0	0	0	0	0	0	0	0	0	0	0	0	0	0	0	0	0	0	0	0	0	0	0	0	0	0	0	0	0	8	321	6	0	0	0	0	0	0	0	0	0	0	69	0	8	0	0	41
assemblage-557-670	0	0	0	0	0	0	0	0	0	0	0	0	0	0	0	0	0	0	0	0	0	182	0	0	0	0	0	0	0	0	0	0	0	0	0	0	98	0	0	0	0	0	0	0	0	0	0	0	0	0	0	0	0	0	0	82	0	0	0	0	0	0	0	104	0	0	0	0	0	0	0	0	0	0	0	0	0	0	0	0	0	0	0	0	0	34
assemblage-855-506	0	0	0	0	0	0	0	0	0	0	0	0	0	0	0	0	0	0	0	0	0	0	0	0	0	0	0	0	0	0	0	0	0	0	0	0	0	0	0	9	0	0	9	0	0	0	0	0	0	0	0	0	0	11	0	0	0	0	34	0	0	0	0	0	0	0	0	0	173	33	0	5	3	0	0	0	0	0	0	0	0	0	203	0	0	20
assemblage-533-678	0	0	0	0	0	0	0	0	0	0	0	0	0	0	0	0	0	0	0	0	0	184	0	0	0	0	0	0	0	0	0	0	0	0	0	0	104	0	0	0	4	0	0	0	0	0	0	0	0	0	0	0	0	0	0	80	0	0	0	0	5	0	0	100	0	0	0	0	0	0	0	0	0	0	0	0	0	0	0	0	0	0	0	0	0	23
assemblage-403-269	0	0	0	0	0	0	0	0	0	0	0	0	0	0	0	0	0	0	0	0	0	0	0	0	0	0	0	0	0	0	0	0	0	0	0	0	0	0	0	7	0	0	12	0	0	0	0	0	0	0	0	0	0	8	0	0	0	0	26	0	0	0	0	0	0	0	0	0	176	38	0	0	9	0	0	0	0	0	0	0	0	0	200	0	0	24
assemblage-162-850	0	0	0	0	0	0	0	0	0	0	0	0	0	0	0	0	0	0	0	0	0	0	0	0	0	0	0	0	6	0	0	0	0	0	0	0	0	0	31	0	0	0	0	0	0	0	32	0	0	7	0	0	0	0	0	0	0	0	0	0	0	0	0	0	0	0	0	0	166	167	0	0	0	0	0	0	0	0	0	0	21	0	37	0	0	33
assemblage-816-430	0	0	16	0	0	0	0	0	0	0	0	0	0	0	0	0	0	6	0	0	0	0	0	0	0	0	0	0	0	0	0	0	0	0	0	0	0	0	34	0	0	0	0	0	0	0	0	0	0	0	0	0	0	0	0	0	0	0	0	0	0	0	0	15	0	0	0	0	21	214	0	0	0	82	0	0	0	0	0	0	0	0	93	0	0	19
assemblage-573-373	0	0	0	0	18	0	0	0	0	0	0	0	0	0	0	0	0	0	0	0	0	0	0	0	0	0	0	0	0	0	0	0	0	0	0	0	0	6	33	0	0	0	0	0	0	0	0	0	0	0	0	0	0	0	0	0	0	0	0	0	0	0	0	0	0	4	0	0	81	330	0	0	0	0	0	13	0	0	0	0	0	0	0	0	0	15
assemblage-332-494	0	0	0	0	0	0	0	0	0	0	0	0	0	0	0	0	0	0	0	0	0	0	0	0	0	0	0	0	33	0	0	0	0	0	0	0	0	0	21	0	0	0	0	0	0	0	0	0	0	0	0	0	0	0	0	0	0	0	0	0	0	0	0	0	0	0	0	0	80	176	0	0	0	0	0	0	0	0	0	0	0	0	162	0	0	28
assemblage-758-534	0	0	0	0	0	0	0	0	0	0	0	0	0	0	0	0	0	6	0	0	0	0	0	0	0	0	0	0	0	0	0	29	0	0	0	0	0	0	0	0	0	0	0	0	0	0	0	0	0	0	0	0	0	0	15	0	59	0	0	0	0	0	0	110	0	0	0	0	55	0	0	0	0	0	41	0	0	0	0	0	0	0	162	0	0	23
assemblage-262-713	0	0	0	0	0	8	0	0	0	0	40	0	0	0	0	0	0	108	0	0	0	7	0	0	0	0	0	0	0	0	0	0	0	0	0	0	0	0	0	0	0	0	0	0	0	0	0	0	0	0	0	0	0	0	0	0	0	14	0	0	0	0	0	0	0	0	0	0	132	0	0	0	0	0	0	0	0	0	0	156	0	0	0	0	9	26
assemblage-264-241	0	0	0	0	0	0	0	0	0	0	0	0	0	0	0	0	0	0	0	0	0	0	0	0	0	0	0	0	32	0	0	0	0	0	0	0	0	0	14	0	0	0	0	0	0	0	4	0	0	0	0	0	0	0	0	0	0	0	0	0	0	0	0	0	0	0	0	0	100	191	0	0	0	0	0	0	0	0	0	0	0	0	139	0	0	20
assemblage-777-252	0	0	0	0	0	0	0	0	0	0	0	0	0	0	0	0	0	114	0	7	0	0	0	0	0	132	0	0	0	0	0	0	0	0	11	0	0	0	4	0	0	0	0	0	0	0	0	0	0	0	0	0	0	0	31	0	0	0	0	11	0	0	0	10	0	0	0	0	123	0	4	0	0	0	0	0	0	0	0	0	0	0	34	0	0	19
assemblage-787-249	0	0	0	0	0	0	0	0	0	0	0	0	0	0	0	0	0	142	0	17	0	0	0	0	0	133	0	0	0	0	0	0	0	0	14	0	0	0	0	0	0	0	0	0	0	0	0	0	0	0	0	0	0	0	21	0	0	0	0	8	0	0	0	2	0	0	0	0	109	0	5	0	0	0	0	0	0	0	0	0	0	0	24	0	0	25
assemblage-145-672	0	0	0	0	0	0	0	0	0	0	0	0	0	0	0	0	0	0	0	0	0	0	0	0	0	0	0	0	0	0	0	0	0	0	0	0	0	0	0	0	0	0	0	0	0	0	0	0	0	0	0	0	0	0	0	0	0	4	0	0	0	0	0	0	0	0	147	0	300	0	0	0	0	0	0	0	0	0	0	11	0	18	0	0	0	20
assemblage-364-776	0	0	0	0	0	0	0	0	0	0	5	0	0	0	0	0	0	0	0	0	0	7	0	0	0	0	0	0	0	0	0	0	0	0	0	0	0	0	0	0	0	0	0	0	0	0	0	0	0	0	0	0	0	0	8	23	0	0	0	0	0	0	0	19	0	0	0	0	401	0	0	0	0	0	0	0	0	0	0	23	0	0	0	0	0	14
assemblage-773-697	0	0	22	0	0	0	0	0	0	0	0	0	0	0	0	0	0	0	0	0	0	0	0	0	0	0	0	0	0	0	0	0	0	0	0	0	0	0	26	0	0	0	0	0	0	0	0	0	0	0	0	0	0	0	0	0	0	0	0	0	0	0	0	16	0	0	0	0	12	229	0	0	0	78	0	0	0	0	0	0	0	0	83	0	0	34
assemblage-923-734	0	0	0	0	0	0	0	0	0	0	0	0	0	7	0	0	0	0	0	0	0	0	0	0	0	0	0	0	0	0	0	0	0	0	0	0	0	0	0	0	0	0	0	0	0	0	0	0	0	0	0	0	11	0	0	0	0	0	0	0	0	0	0	0	0	0	0	0	148	282	0	0	0	0	0	0	0	0	0	0	0	0	22	0	0	30
assemblage-353-783	0	0	0	0	0	0	0	0	0	0	53	0	0	0	0	0	0	122	0	0	0	14	0	0	0	0	0	0	0	0	0	0	0	0	0	0	0	0	0	0	0	0	0	0	0	0	0	0	0	0	0	0	0	0	0	0	0	3	0	0	0	0	0	0	0	0	0	0	132	0	0	0	0	0	0	0	0	0	0	137	0	0	0	0	14	25
assemblage-367-778	0	0	0	0	0	14	0	0	0	0	46	0	0	0	0	0	0	100	0	0	0	2	0	0	0	0	0	0	0	0	0	0	0	0	0	0	0	0	0	0	0	0	0	0	0	0	0	0	0	0	0	0	0	0	0	0	0	14	0	0	0	0	0	0	0	0	0	0	138	0	0	0	0	0	0	0	0	0	0	156	0	0	0	0	11	19
assemblage-977-163	0	0	0	0	0	7	0	0	0	0	52	0	0	0	0	0	0	118	0	0	0	9	0	0	0	0	0	0	0	0	0	0	0	0	0	0	0	0	0	0	0	0	0	0	0	0	0	0	0	0	0	0	0	0	0	0	0	10	0	0	0	0	0	0	0	0	0	0	143	0	0	0	0	0	0	0	0	0	0	139	0	0	0	0	8	14
assemblage-254-702	0	0	0	0	0	0	0	0	0	0	27	0	0	0	0	0	0	116	0	0	0	10	0	0	0	0	0	0	0	0	0	0	0	0	0	0	0	0	0	0	0	0	0	0	0	0	0	0	0	0	0	0	0	0	0	0	0	11	0	0	0	0	0	0	0	0	0	0	157	0	0	0	0	0	0	0	0	0	0	148	0	0	0	0	6	25
assemblage-915-772	0	0	0	0	0	0	6	0	0	0	0	0	14	0	0	0	0	3	0	0	0	0	0	0	0	55	0	0	0	0	0	0	0	0	0	0	0	0	287	0	0	0	0	0	0	0	0	0	0	0	2	0	0	0	0	0	0	0	0	0	0	0	0	46	0	0	0	0	59	0	0	0	0	0	0	0	0	0	0	0	0	0	0	0	0	28
assemblage-809-155	0	0	0	0	0	0	0	0	0	0	0	0	0	0	0	0	0	0	0	0	0	0	0	0	0	0	0	0	0	0	0	18	0	0	0	0	0	0	0	0	0	0	0	0	0	0	0	0	0	0	0	0	0	0	6	0	65	0	0	0	0	0	0	72	0	0	0	0	56	0	0	0	0	0	41	0	0	0	0	0	0	0	219	0	0	23
assemblage-789-447	0	0	0	0	0	0	0	0	0	0	0	28	0	0	0	0	0	21	0	0	0	0	0	0	0	29	2	0	0	0	0	0	0	0	0	0	0	0	0	0	0	0	0	0	0	0	5	0	0	0	0	0	0	0	0	0	0	0	0	0	0	0	0	12	0	0	0	0	247	38	0	0	0	0	0	0	0	0	0	0	0	0	95	0	0	23
assemblage-909-763	7	0	0	0	0	0	0	0	0	0	0	0	0	0	0	0	0	0	0	0	0	0	0	0	0	54	0	0	0	0	0	0	0	0	0	0	0	0	1	0	0	0	0	0	0	0	0	0	0	0	0	0	0	0	0	0	0	0	0	0	0	0	0	0	0	0	0	11	312	4	0	0	0	0	0	0	0	0	0	0	48	0	10	0	0	53
assemblage-914-742	9	0	0	4	0	0	0	0	0	0	0	0	0	0	0	0	0	0	0	0	0	0	0	0	0	43	0	0	0	0	0	0	0	0	0	0	0	0	0	0	0	0	0	0	0	0	0	0	0	0	0	0	0	0	0	0	0	0	0	0	0	0	0	0	0	0	0	9	339	11	0	0	0	0	0	0	0	0	0	0	40	0	9	0	0	36
assemblage-942-619	0	0	0	0	0	0	0	0	0	0	0	0	0	0	0	0	7	0	2	0	0	0	0	0	0	0	0	0	0	0	0	0	0	0	0	0	0	0	0	0	199	0	0	0	0	27	0	0	0	0	0	0	0	0	0	0	0	0	0	0	0	0	0	253	0	0	0	0	0	0	0	0	0	0	0	0	0	0	0	0	0	0	0	0	0	12
assemblage-756-716	0	0	0	0	0	0	20	0	0	0	0	0	4	0	0	0	0	6	0	0	0	0	0	0	0	47	0	0	0	0	0	0	0	0	0	0	0	0	274	0	0	0	0	0	0	0	0	0	0	0	0	0	0	0	0	0	0	0	0	0	0	0	0	52	0	0	0	0	76	0	0	0	0	0	0	0	0	0	0	0	0	0	0	0	0	21
assemblage-730-151	0	0	0	0	0	0	0	0	0	0	0	0	0	0	25	0	0	0	0	0	0	0	0	0	0	0	0	0	0	0	0	0	0	0	0	0	0	0	0	0	0	0	0	0	0	0	0	0	0	0	0	0	0	0	244	36	0	0	0	0	0	0	0	49	0	0	0	0	0	0	0	0	0	0	0	0	0	0	0	132	0	0	0	0	0	14
assemblage-328-500	0	0	0	0	0	0	0	0	0	0	0	0	0	0	0	0	0	0	0	0	0	0	0	17	0	0	0	0	0	0	0	0	0	0	0	0	0	0	0	0	0	0	0	0	0	0	124	0	0	0	0	0	0	0	0	0	0	0	0	0	0	0	0	0	0	0	0	0	199	32	0	0	0	0	0	0	0	0	0	0	104	0	0	0	0	24
assemblage-935-753	0	0	24	0	0	0	0	0	0	0	0	0	0	0	0	0	0	0	0	0	0	0	0	0	0	0	0	0	0	0	0	3	0	0	0	0	0	0	33	0	0	0	0	0	0	0	0	0	0	0	0	0	0	0	0	0	0	0	0	0	0	0	0	13	0	0	0	0	25	214	0	0	0	89	0	0	0	0	0	0	0	0	71	0	0	28
assemblage-863-461	0	0	0	0	0	0	0	0	0	0	0	0	0	0	0	0	0	0	0	0	0	0	0	0	0	0	0	0	0	0	0	0	0	0	0	0	0	0	0	4	0	0	10	0	0	0	8	0	0	0	0	0	0	11	0	0	0	0	37	0	0	0	0	0	0	0	0	0	161	33	0	0	14	0	0	0	0	0	0	0	0	0	209	0	0	13
assemblage-741-161	0	0	0	0	0	0	0	0	0	0	0	0	0	0	24	0	0	0	0	0	0	0	0	0	0	0	0	0	0	0	0	0	0	0	0	0	0	0	0	0	0	0	0	0	0	0	0	0	0	0	0	0	0	0	242	39	0	0	0	0	0	0	0	52	0	0	0	0	0	0	0	0	0	0	0	0	0	0	0	133	0	0	0	0	0	10
assemblage-544-659	0	0	0	0	0	0	0	0	0	0	0	0	0	0	0	0	0	0	0	0	0	180	0	0	0	0	0	0	0	0	0	0	0	0	0	0	96	0	0	0	0	0	0	0	0	0	0	0	0	0	0	0	0	0	0	63	0	0	0	0	7	0	0	141	0	0	0	0	0	0	0	0	0	0	0	0	0	0	0	0	0	0	0	0	0	13
assemblage-801-144	0	0	0	0	0	0	0	0	0	0	0	0	0	0	0	0	0	0	0	0	0	0	0	0	0	0	0	0	0	0	0	28	0	0	0	0	0	0	0	0	0	0	0	0	0	0	0	0	0	0	0	0	0	0	5	0	69	0	0	0	0	0	0	79	0	0	0	0	71	0	0	0	0	4	30	0	0	0	0	0	0	0	194	0	0	20
assemblage-714-557	0	0	0	0	0	0	0	0	0	0	0	0	0	61	0	0	0	0	0	0	0	0	0	0	25	0	0	0	0	0	0	0	0	67	0	0	0	0	0	0	0	0	0	0	0	0	0	0	0	0	0	0	0	0	0	0	0	0	0	0	0	0	0	0	0	0	0	0	120	146	0	0	0	0	0	0	36	0	0	0	0	0	18	0	0	27
assemblage-163-872	0	0	0	0	0	0	0	0	0	0	0	0	0	0	0	0	0	0	0	0	0	0	0	15	0	0	0	0	0	0	0	0	0	0	0	0	0	0	0	0	0	0	0	0	0	0	114	0	0	0	0	0	0	0	0	0	0	0	0	0	0	0	0	0	0	0	0	0	196	35	0	0	0	0	0	0	0	0	0	0	115	0	3	0	0	22
assemblage-361-774	0	0	0	0	0	0	0	0	0	0	0	0	0	0	36	0	0	0	0	0	0	5	0	0	0	0	0	0	0	0	0	0	0	0	0	0	0	0	0	0	0	0	0	0	0	0	0	0	0	0	0	0	0	0	239	31	0	0	0	0	0	0	0	54	0	0	0	0	0	0	0	0	0	0	0	0	0	0	0	126	0	0	0	0	0	9
assemblage-433-925	0	0	19	0	0	0	0	0	0	0	0	0	0	0	0	0	0	0	0	0	0	0	0	0	0	0	0	0	0	0	0	6	0	0	0	0	0	0	38	0	0	0	0	0	0	0	0	0	0	0	0	0	0	0	0	0	0	0	0	0	0	0	0	16	0	0	0	0	23	204	0	0	0	81	0	0	0	0	0	0	0	0	74	0	0	39
assemblage-273-243	0	0	0	0	0	0	0	0	0	0	0	0	0	0	0	0	0	0	0	0	0	0	0	0	0	0	0	0	27	0	0	0	0	0	0	0	0	0	14	0	0	0	0	0	0	0	5	0	0	0	0	0	0	0	0	0	0	0	0	0	0	0	0	0	0	0	0	0	88	208	0	0	0	0	0	0	0	0	0	0	0	0	145	0	0	13
assemblage-780-440	0	0	15	0	0	0	0	0	0	0	0	0	0	0	0	0	0	6	0	0	0	0	0	0	0	0	0	0	0	0	0	0	0	0	0	0	0	0	33	0	0	0	0	0	0	0	0	0	0	0	0	0	0	0	0	0	0	0	0	0	0	0	0	8	0	0	0	0	29	199	0	0	0	84	0	0	0	0	0	0	0	0	93	0	0	33
assemblage-590-352	0	0	0	0	0	0	0	0	0	0	0	0	0	0	0	0	0	0	0	0	0	0	0	0	0	0	0	0	17	0	0	0	0	0	0	0	0	0	23	0	0	0	0	0	0	0	4	0	0	0	0	0	0	0	0	0	0	0	0	0	0	0	0	0	0	0	0	0	81	202	0	0	0	0	0	0	0	0	0	0	0	0	161	0	0	12
assemblage-451-937	0	0	19	0	0	0	0	0	0	0	0	0	0	0	0	0	0	0	0	0	0	0	0	0	0	0	0	0	0	0	0	0	0	0	0	0	0	0	40	0	0	0	0	0	0	0	0	0	0	0	0	0	0	0	0	0	0	0	0	0	0	0	0	14	0	0	0	0	10	189	0	0	0	104	0	0	0	0	0	0	0	0	85	0	0	39
assemblage-166-865	0	0	0	0	0	0	0	0	0	0	0	0	0	0	0	0	0	0	0	0	0	0	0	0	0	0	0	0	33	0	0	0	0	0	0	0	0	0	13	0	0	0	0	0	0	0	6	0	0	0	0	0	0	0	0	0	0	0	0	0	0	0	0	0	0	0	0	0	95	189	0	0	0	0	0	0	0	0	0	0	0	0	150	0	0	14
assemblage-914-777	0	0	0	0	0	0	0	0	0	0	0	19	0	0	0	0	0	25	0	0	0	0	0	0	0	29	0	0	0	0	3	0	0	0	0	0	0	0	0	0	0	0	0	0	0	0	11	0	0	0	0	0	0	0	0	0	0	0	0	0	0	0	0	8	0	0	0	0	268	24	0	0	0	0	0	0	0	0	0	0	0	0	87	0	0	26
assemblage-1007-142	0	0	0	0	0	0	0	0	0	0	0	0	0	0	0	0	0	0	0	0	0	7	12	0	0	0	0	0	0	0	0	0	0	0	0	0	0	0	0	0	0	0	0	0	0	0	0	0	0	0	0	0	0	0	0	0	20	0	0	0	0	0	0	339	0	0	0	0	25	0	0	0	0	0	0	0	0	0	0	0	0	0	71	0	0	26
assemblage-738-152	0	0	0	0	0	0	0	0	0	0	0	0	0	0	0	0	0	0	0	0	0	7	0	0	0	0	0	0	0	0	0	0	0	0	0	0	0	0	0	0	0	4	0	0	0	0	0	0	0	0	0	0	0	0	0	34	0	0	0	0	0	0	0	27	0	0	0	0	395	0	0	0	0	0	0	0	0	0	0	14	0	0	0	0	0	19
assemblage-920-647	0	0	0	0	0	0	0	0	0	0	0	0	0	0	0	0	0	0	7	0	0	0	0	0	0	0	0	0	0	0	0	0	0	0	0	0	0	0	0	0	201	0	0	0	0	24	0	0	0	0	0	0	0	0	0	0	0	0	0	0	0	0	0	253	0	0	0	0	0	0	0	0	0	0	0	0	0	0	0	0	0	0	0	0	0	15
assemblage-320-503	0	0	0	0	0	0	0	0	0	0	0	0	0	0	0	0	0	0	0	0	0	0	0	0	0	0	0	0	0	0	0	0	5	0	0	0	0	0	53	0	0	0	0	0	0	0	14	0	0	29	0	0	0	0	0	0	0	0	0	0	0	0	0	0	0	0	0	0	294	53	0	0	0	0	0	0	0	0	0	0	0	0	31	0	0	21
assemblage-792-258	0	0	0	0	0	0	0	0	0	4	0	0	0	0	0	0	0	85	0	0	0	0	0	0	0	13	0	0	0	0	0	0	0	0	0	0	0	0	0	0	0	0	0	0	0	0	0	0	0	0	0	5	0	0	14	0	0	0	0	0	0	0	0	15	0	0	0	0	321	0	0	0	0	0	0	0	0	0	0	0	0	0	19	0	0	24
assemblage-571-365	0	0	0	0	10	0	0	0	0	0	0	0	0	0	0	0	0	0	0	0	0	0	0	0	0	0	0	0	0	0	0	0	0	0	0	0	0	3	39	0	0	0	0	0	0	0	0	0	0	0	0	0	0	0	0	0	0	0	0	0	0	0	0	0	0	0	0	0	77	342	0	0	0	0	0	8	0	0	0	0	0	0	0	0	0	21
assemblage-547-686	0	0	0	0	0	0	0	0	0	0	0	0	0	0	0	0	0	0	0	0	0	193	0	0	0	0	0	0	0	0	0	0	0	0	0	0	92	0	0	0	9	0	0	0	0	0	0	0	0	0	0	0	0	0	0	85	0	0	0	0	4	0	0	106	0	0	0	0	0	0	0	0	0	0	0	0	0	0	0	0	0	0	0	0	0	11
assemblage-936-746	0	0	0	0	0	0	0	0	0	0	0	0	0	60	0	0	0	0	0	0	0	0	0	0	23	0	0	0	0	0	0	0	0	58	0	0	0	0	0	0	0	0	0	0	0	0	0	0	0	0	0	0	0	0	0	0	0	0	0	0	0	0	0	0	0	0	0	0	138	154	0	0	0	0	0	0	32	0	0	0	0	0	21	0	0	14
assemblage-277-245	0	0	0	0	0	0	0	0	0	0	0	0	0	0	0	0	0	0	0	0	0	0	0	0	0	0	0	0	0	0	0	0	9	0	0	0	0	0	64	0	0	0	0	0	0	0	14	0	0	32	0	0	0	0	0	0	0	0	0	0	0	0	0	0	0	0	0	0	281	43	0	0	0	0	0	0	0	0	0	0	0	0	31	0	0	26
assemblage-821-455	0	0	0	0	0	0	0	0	0	0	0	24	0	0	0	0	0	21	0	0	0	0	0	0	0	25	0	0	0	0	6	0	0	0	0	0	0	0	6	0	0	0	0	0	0	0	7	0	0	0	0	0	0	0	0	0	0	0	0	0	0	0	0	8	0	0	0	0	256	40	0	0	0	0	0	0	0	0	0	0	0	0	93	0	0	14
assemblage-731-157	0	0	0	0	0	0	0	0	0	0	0	0	0	0	30	0	0	0	0	0	0	0	0	0	0	0	0	0	0	0	0	0	0	0	0	0	0	0	0	0	0	0	0	0	0	0	0	0	0	0	0	0	0	0	240	41	0	0	0	0	0	0	0	35	0	0	0	0	0	0	0	0	0	0	0	0	0	0	0	139	0	0	0	0	0	15
assemblage-932-740	0	0	0	0	0	0	0	0	0	0	0	0	0	4	0	0	0	0	0	0	0	0	0	0	0	0	0	0	0	0	0	0	0	0	0	0	0	0	0	0	0	0	0	0	0	0	0	0	0	0	0	0	9	0	0	0	0	0	0	0	0	0	0	0	0	0	0	0	143	301	0	0	0	0	0	0	0	0	0	0	0	0	22	0	0	21
assemblage-146-848	0	0	0	0	11	0	0	0	0	0	0	0	0	0	0	0	0	0	0	0	0	0	0	0	0	0	0	0	0	0	0	0	0	0	0	0	0	0	40	0	0	0	0	0	0	0	0	0	0	0	0	0	0	0	0	0	0	0	0	0	0	0	0	0	0	0	0	0	97	326	0	0	0	0	0	3	0	0	0	0	0	0	0	0	0	23
assemblage-460-928	0	0	0	0	0	0	8	0	0	0	0	0	10	0	0	0	0	15	0	0	0	0	0	0	0	55	0	0	0	0	0	6	0	0	0	0	0	0	267	0	0	0	0	0	0	0	0	0	0	0	0	0	0	0	0	0	0	0	0	0	0	0	0	58	0	0	0	0	58	0	0	0	0	0	0	0	0	0	0	0	0	0	0	0	0	23
assemblage-796-272	0	0	0	0	0	0	0	0	0	0	0	0	0	0	0	0	0	9	0	0	0	0	0	0	0	0	0	0	0	0	0	29	0	0	0	0	0	0	0	0	0	0	0	0	0	0	0	0	0	0	0	0	0	0	15	0	77	0	0	0	0	0	0	81	0	0	0	0	63	0	0	0	0	0	26	0	0	0	0	0	0	0	185	0	0	15
assemblage-398-800	0	0	0	0	0	9	0	0	0	0	0	0	0	0	0	0	0	0	0	0	0	0	0	0	0	0	0	10	0	0	0	0	0	0	0	0	0	0	0	0	0	0	0	0	0	0	0	0	8	0	0	0	0	0	213	0	0	0	0	0	0	0	0	0	0	0	6	0	18	0	0	0	0	0	0	0	0	0	0	217	0	0	0	0	0	19
assemblage-708-567	0	0	0	0	0	0	0	0	0	0	0	0	0	13	0	0	0	0	0	0	0	0	0	0	0	0	0	0	0	0	0	0	0	0	0	0	0	0	0	0	0	0	0	0	0	0	0	0	0	0	0	0	12	0	0	0	0	0	0	0	0	0	0	0	0	0	0	0	139	293	0	0	0	0	0	0	0	0	0	0	0	0	16	0	0	27
assemblage-851-486	0	0	0	0	0	0	0	0	0	0	0	0	0	17	0	0	0	0	0	0	0	0	0	0	3	0	0	0	0	0	0	0	0	18	0	0	0	0	0	0	0	0	0	0	0	0	0	0	0	0	0	0	0	0	0	0	0	0	5	0	0	8	0	0	0	0	0	0	118	213	0	0	0	0	0	0	12	0	0	0	0	0	66	0	0	40
assemblage-812-450	0	0	0	0	0	0	0	0	0	0	0	0	0	0	0	0	0	0	0	0	0	0	0	0	0	54	0	0	0	0	0	0	0	0	0	0	0	0	0	0	0	0	0	0	0	0	0	0	0	0	0	0	0	0	0	0	0	0	0	0	0	0	0	0	0	0	0	2	310	15	0	0	0	0	0	0	0	10	0	0	51	0	13	0	0	45
assemblage-765-726	4	0	0	0	0	0	0	0	0	0	0	0	0	0	0	0	0	0	0	0	0	0	0	0	0	57	0	0	0	0	0	0	0	0	0	0	0	0	0	0	0	0	0	0	0	0	0	0	0	0	0	0	0	0	0	0	0	0	0	0	0	0	0	0	0	0	0	6	304	7	0	0	0	0	0	0	0	0	0	0	60	0	11	0	0	51
assemblage-896-762	8	0	0	0	0	0	0	0	0	0	0	0	0	0	0	0	0	0	0	0	0	0	0	0	0	44	0	0	0	0	0	0	0	0	0	0	0	0	0	0	0	0	0	0	0	0	0	0	0	0	0	0	0	0	0	0	0	0	0	0	0	0	0	0	0	0	0	4	323	3	0	0	0	0	0	0	0	0	0	0	59	0	11	0	0	48
assemblage-794-255	0	0	0	0	0	0	0	0	0	10	0	0	0	0	0	0	0	90	0	0	0	0	0	0	0	11	0	0	0	0	0	0	0	0	0	0	0	0	0	0	0	0	0	0	0	0	0	0	0	0	0	4	0	0	17	0	0	0	0	0	0	0	0	16	0	0	0	0	318	0	0	0	0	0	0	0	0	0	0	0	0	0	14	0	0	20
assemblage-158-858	0	0	0	0	19	0	0	0	0	0	0	0	0	0	0	0	0	0	0	0	0	0	0	0	0	0	0	0	0	0	0	0	0	0	0	0	0	0	37	0	0	0	0	0	0	0	0	0	0	0	0	0	0	0	0	0	0	0	0	0	0	0	0	0	0	0	0	0	88	325	0	0	0	0	0	11	0	0	0	0	0	0	0	0	0	20
assemblage-320-487	0	0	0	0	0	0	0	0	0	0	0	0	0	0	0	6	0	0	0	0	0	0	0	0	0	0	0	0	19	0	0	0	0	0	0	0	0	0	21	0	0	0	0	0	0	0	8	0	0	0	0	0	0	0	0	0	0	0	0	0	0	0	0	0	0	0	0	0	101	213	0	0	0	0	0	0	0	0	0	0	0	0	122	0	0	10
assemblage-1002-149	0	0	0	0	0	0	0	0	0	0	2	0	0	0	0	0	0	0	0	0	0	12	0	0	0	0	0	0	0	0	0	0	0	0	0	0	0	0	0	0	0	0	0	0	0	0	0	0	0	0	0	0	0	0	5	22	0	0	0	0	0	0	0	13	0	0	0	0	412	0	0	0	0	0	0	0	0	0	0	19	0	0	0	0	0	15
assemblage-795-158	0	0	0	0	0	0	0	0	0	9	0	0	0	0	0	0	0	79	0	0	0	0	0	0	0	13	0	0	0	0	0	0	0	0	0	0	0	0	0	0	0	0	0	0	0	0	0	0	0	0	0	0	0	0	11	0	0	0	0	0	0	0	0	23	0	0	0	0	310	0	0	0	0	0	0	0	0	0	0	0	0	0	16	0	0	39
assemblage-403-789	0	0	0	0	0	0	0	0	0	0	0	0	0	0	0	0	0	0	0	0	0	0	0	0	0	0	0	11	0	0	0	0	0	0	0	0	0	0	0	0	0	0	0	0	0	0	0	0	12	0	0	0	0	0	206	0	0	0	0	0	0	0	0	0	0	0	10	0	29	0	0	0	0	0	0	0	0	0	0	205	0	0	0	0	0	27
assemblage-718-554	0	0	0	0	0	0	0	0	0	0	0	0	0	0	0	0	0	0	0	0	0	0	0	0	0	0	0	0	0	0	0	0	0	0	0	0	0	0	0	4	0	0	6	0	0	0	2	0	0	0	0	0	0	9	0	0	0	0	35	0	0	0	0	0	0	0	0	0	181	25	0	0	10	0	0	0	0	0	0	0	0	0	208	0	0	20
assemblage-407-795	0	0	0	0	0	0	0	0	0	0	0	0	0	0	0	0	0	0	0	0	0	0	0	0	0	0	0	13	0	0	0	0	0	0	0	0	0	0	0	0	0	0	0	0	0	0	0	0	9	0	0	0	0	0	225	0	0	0	0	0	0	0	0	0	0	0	7	0	25	0	0	0	0	0	0	0	0	0	0	208	0	0	0	0	0	13
assemblage-557-683	0	0	0	0	0	0	0	0	0	0	0	0	0	0	0	0	0	0	0	0	0	208	0	0	0	0	0	0	0	0	0	0	0	0	0	0	88	0	0	0	7	0	0	0	0	0	0	0	0	0	0	0	0	0	0	86	0	0	0	0	5	0	0	94	0	0	0	0	0	0	0	0	0	0	0	0	0	0	0	0	0	0	0	0	0	12
assemblage-760-273	0	0	0	0	0	0	0	0	0	0	0	0	0	0	0	0	0	5	0	0	0	0	0	0	0	0	0	0	0	0	0	19	0	0	0	0	0	0	0	0	0	0	0	0	0	0	0	0	0	0	0	0	0	0	26	0	57	0	0	0	0	0	0	82	0	0	0	0	55	0	0	0	0	0	35	0	0	0	0	0	0	0	195	0	0	26
assemblage-145-658	0	0	0	0	0	0	0	0	0	0	0	0	0	0	0	0	0	0	0	0	0	0	0	0	0	0	0	0	0	0	0	0	0	0	0	0	0	0	0	0	0	0	0	0	0	0	0	0	0	0	0	0	0	0	5	0	0	3	0	0	0	0	0	0	0	0	133	0	314	0	0	0	0	0	0	0	0	0	0	5	0	14	0	0	0	26
assemblage-955-629	0	0	0	0	0	0	0	0	0	0	0	0	0	0	0	0	2	0	0	0	0	0	0	0	0	0	0	0	0	0	0	0	0	0	0	0	0	0	0	0	203	0	0	0	0	24	0	0	0	0	0	0	0	0	0	0	0	0	0	0	0	0	0	251	0	0	0	0	0	0	0	0	0	0	0	0	0	0	0	0	0	0	0	0	0	20
assemblage-835-481	0	0	0	0	0	0	0	0	0	0	0	0	0	0	0	0	0	0	0	0	0	0	0	0	0	0	0	0	0	4	0	0	0	0	0	0	0	0	0	0	0	0	0	0	0	0	0	0	0	0	0	0	17	0	0	0	0	0	0	0	0	0	0	0	0	0	0	0	134	292	0	0	0	0	0	0	0	0	0	0	0	0	29	0	0	24
assemblage-924-642	0	0	0	0	0	0	0	0	0	0	0	0	0	0	0	0	0	0	0	0	0	0	0	0	0	0	0	0	0	0	0	0	0	0	0	0	0	0	0	0	189	0	0	0	0	16	0	0	0	0	0	0	0	0	0	0	0	0	0	0	0	0	0	270	0	0	0	0	0	0	0	0	0	0	0	0	0	0	0	0	0	0	0	0	0	25
assemblage-416-249	0	0	0	0	0	0	0	0	0	0	0	0	0	0	0	0	0	0	0	0	0	0	0	0	0	0	0	0	0	0	0	0	0	0	0	0	0	0	0	0	0	0	0	0	0	0	0	0	0	0	0	0	10	0	0	0	0	0	0	0	0	0	0	0	0	0	0	0	154	284	0	0	0	0	0	0	0	0	0	0	0	0	14	0	0	38
assemblage-767-714	4	0	0	6	0	0	0	0	0	0	0	0	0	0	0	0	0	0	0	0	0	0	0	0	0	39	0	0	0	0	0	0	0	0	0	0	0	0	0	0	0	0	0	0	0	0	0	0	0	0	0	0	0	0	0	0	0	0	0	0	0	0	0	0	0	0	0	13	320	10	0	0	0	0	0	0	0	0	0	0	59	0	15	0	0	34
assemblage-591-355	0	0	0	0	0	0	0	0	0	0	0	0	0	0	0	0	0	0	0	0	0	0	0	0	0	0	0	0	27	0	0	0	0	0	0	0	0	0	23	0	0	0	0	0	0	0	4	0	0	0	0	0	0	0	0	0	0	0	0	0	0	0	0	0	0	0	0	0	97	173	0	0	0	0	0	0	0	0	0	0	0	0	163	0	0	13
assemblage-927-638	0	0	0	0	0	0	0	0	0	0	0	0	0	0	0	0	0	0	0	0	0	0	0	0	0	0	0	0	0	0	0	0	0	0	0	0	0	0	0	0	184	0	0	0	0	20	0	0	0	0	0	0	0	0	0	0	0	0	0	0	0	0	0	280	0	0	0	0	0	0	0	0	0	0	0	0	0	0	0	0	0	0	0	0	0	16
assemblage-727-569	0	0	0	0	0	0	0	0	0	0	0	0	0	0	0	0	0	0	0	0	0	0	0	0	0	0	0	0	0	0	0	0	0	0	0	0	0	0	0	0	0	0	0	0	0	0	0	0	0	0	0	0	0	0	0	0	0	0	0	0	0	21	0	0	0	0	0	0	47	394	0	0	0	0	0	0	0	0	0	0	0	0	20	0	0	18
assemblage-396-264	0	0	0	0	0	0	0	0	0	0	0	0	0	8	0	0	0	0	0	0	0	0	0	0	0	0	0	0	0	0	0	0	0	0	0	0	0	0	0	0	0	0	0	0	0	0	0	0	0	0	0	0	13	0	0	0	0	0	0	0	0	0	0	0	0	0	0	0	149	285	0	0	0	0	0	0	0	0	0	0	0	0	16	0	0	29
assemblage-266-233	0	0	0	0	0	0	0	0	0	0	0	0	0	0	0	0	0	0	0	0	0	0	0	0	0	0	0	0	0	0	0	0	9	0	0	0	0	0	71	0	0	0	0	0	0	0	9	0	0	28	0	0	0	0	0	0	0	0	0	0	0	0	0	0	0	0	0	0	294	28	0	0	0	0	0	0	0	0	0	0	0	0	36	0	0	25
assemblage-475-921	0	0	0	0	0	0	0	0	0	0	0	19	0	0	0	0	0	16	0	0	0	0	0	0	0	26	4	0	0	0	1	0	0	0	0	0	0	0	0	0	0	0	0	0	0	0	15	0	0	0	0	0	0	0	0	0	0	0	0	0	0	0	0	13	0	0	0	0	234	36	0	0	0	0	0	0	0	0	0	0	0	0	121	0	0	15
assemblage-398-243	0	0	0	0	0	0	0	0	0	0	0	0	0	0	0	0	0	0	0	0	0	0	0	0	0	0	0	0	0	0	0	0	0	0	0	0	0	0	0	0	0	0	0	0	0	0	0	0	0	0	0	0	0	0	0	0	0	0	0	0	0	18	0	0	0	0	0	0	74	383	0	0	0	0	0	0	0	0	0	0	0	0	12	0	0	13
assemblage-801-466	0	0	0	0	0	0	0	0	0	0	0	22	0	0	0	0	0	23	0	0	0	0	0	0	0	29	8	0	0	0	0	0	0	0	0	0	0	0	0	0	0	0	0	0	0	0	11	0	0	0	0	0	0	0	0	0	0	0	0	0	0	0	0	14	0	0	0	0	239	39	0	0	0	0	0	0	0	0	0	0	0	0	97	0	0	18
assemblage-795-169	0	0	0	0	0	0	0	0	0	0	0	0	0	0	0	0	0	124	0	0	0	0	0	0	0	50	0	0	0	0	0	8	0	0	0	0	0	0	0	0	0	0	0	7	0	0	0	0	0	0	0	0	0	0	31	0	10	0	0	0	0	0	0	67	0	0	0	0	97	0	0	0	0	0	3	0	0	0	0	0	0	0	69	0	0	34
assemblage-297-490	0	0	0	0	0	0	0	0	0	0	0	0	0	0	0	0	0	0	0	0	0	0	0	6	0	0	0	0	0	0	0	0	0	0	0	0	0	0	8	0	0	0	0	0	0	0	127	0	0	0	0	0	0	0	0	0	0	0	0	0	0	0	0	0	0	0	0	0	198	28	0	0	0	0	0	0	0	0	0	0	112	0	0	0	0	21
assemblage-837-485	0	0	0	0	0	0	0	0	0	0	0	0	0	0	0	0	0	0	0	0	0	0	0	0	0	0	0	0	0	0	0	0	0	0	0	0	0	0	0	0	0	0	0	0	0	0	0	0	0	0	0	0	0	0	0	0	0	0	0	0	0	37	0	0	0	0	0	0	66	364	0	0	0	0	0	0	0	0	0	0	0	0	14	0	0	19
assemblage-255-215	0	0	0	0	0	0	0	0	0	0	0	0	0	0	0	0	0	0	0	0	0	0	0	0	0	0	0	0	0	0	0	0	5	0	0	0	0	0	45	0	0	0	0	0	0	0	14	0	0	28	0	0	0	0	0	0	0	0	0	0	0	0	0	0	0	0	0	0	294	59	0	0	0	0	0	0	0	0	0	0	0	0	33	0	0	22
assemblage-549-657	0	0	0	0	0	0	0	0	0	0	0	0	0	0	0	0	0	0	0	0	0	175	0	0	0	0	0	0	0	0	0	0	0	0	0	0	84	0	0	0	12	0	0	0	0	0	0	0	0	0	0	0	0	0	0	81	0	0	0	0	9	0	0	124	0	0	0	0	0	0	0	0	0	0	0	0	0	0	0	0	0	0	0	0	0	15
assemblage-613-236	0	0	0	0	0	0	0	0	0	9	0	0	0	0	0	0	0	79	0	0	0	0	0	0	0	14	0	0	0	0	0	0	0	0	0	0	0	0	0	0	0	0	0	0	0	0	0	0	0	0	0	0	0	0	7	0	0	0	0	0	0	0	0	29	0	0	0	0	320	0	0	0	0	0	0	0	0	0	0	0	0	0	13	0	0	29
assemblage-381-254	0	0	0	0	0	0	0	0	0	0	0	0	0	0	0	0	0	0	0	0	0	0	0	0	0	0	0	0	0	0	0	0	0	0	0	0	0	0	0	0	0	0	0	0	0	0	0	0	0	0	0	0	0	0	0	0	0	0	0	0	0	22	0	0	0	0	0	0	55	400	0	0	0	0	0	0	0	0	0	0	0	0	7	0	0	16
assemblage-784-162	0	0	0	0	0	0	0	0	0	0	0	0	0	0	0	0	0	224	0	0	0	0	0	0	0	0	0	0	0	0	0	0	0	0	0	0	0	0	0	0	0	0	0	22	0	0	0	0	0	0	0	0	0	0	48	0	0	0	0	0	0	0	0	160	0	0	0	0	26	8	0	0	0	0	0	0	0	0	0	0	0	0	0	0	0	12
assemblage-402-810	0	0	0	0	0	0	0	0	0	0	0	0	0	0	0	0	0	0	0	0	0	0	0	0	0	0	0	7	0	0	0	0	0	0	0	0	0	0	0	0	0	0	0	0	0	0	0	0	6	0	0	0	0	0	202	0	0	0	0	0	0	0	0	0	0	0	8	0	28	0	0	0	0	0	0	0	0	0	0	227	0	0	0	0	0	22
assemblage-784-282	0	0	0	0	0	0	0	0	0	18	0	0	0	0	0	0	0	83	0	0	0	0	0	0	0	11	0	0	0	0	0	0	0	0	0	0	0	0	0	0	0	0	0	0	0	0	0	0	0	0	0	11	0	0	11	0	0	0	0	0	0	0	0	25	0	0	0	0	311	0	0	0	0	0	0	0	0	0	0	0	0	0	8	0	0	22
assemblage-781-690	8	0	0	0	0	0	0	0	0	0	0	0	0	0	0	0	0	8	0	0	0	0	0	0	0	43	0	0	0	0	0	0	0	0	0	0	0	0	0	0	0	0	0	0	0	0	0	0	0	0	0	0	0	0	0	0	0	0	0	0	0	0	0	0	0	0	0	10	329	6	0	0	0	0	0	0	0	0	0	0	51	0	12	0	0	33
assemblage-442-928	0	0	0	0	0	0	14	0	0	0	0	0	12	0	0	0	0	10	0	0	0	0	0	0	0	51	0	0	0	0	0	0	0	0	0	0	0	0	269	0	0	0	0	0	0	0	0	0	0	0	0	0	0	0	0	0	0	0	0	0	0	0	0	56	0	0	0	0	56	0	0	0	0	0	0	0	0	0	0	0	0	0	0	0	0	32
assemblage-752-557	0	0	0	0	0	0	0	0	0	0	0	0	0	0	0	0	0	240	0	0	0	0	0	0	0	0	0	0	0	0	0	0	0	0	0	0	0	0	0	0	0	0	0	14	0	0	0	0	0	0	0	0	0	0	32	0	0	0	0	0	0	0	0	153	0	0	0	0	30	13	0	0	0	0	0	0	0	0	0	0	0	0	0	0	0	18
assemblage-608-220	0	0	0	0	0	0	0	0	0	0	0	0	0	0	0	0	0	210	0	0	0	0	0	0	0	0	0	0	0	0	0	0	0	0	0	0	0	0	0	0	0	0	0	28	0	0	0	0	0	0	0	0	0	0	44	0	0	0	0	0	0	0	0	168	0	0	0	0	25	4	0	0	0	0	0	0	0	0	0	0	0	0	0	0	0	21
assemblage-402-258	0	0	0	0	0	0	0	0	0	0	0	0	0	54	0	0	0	0	0	0	0	0	0	0	20	0	0	0	0	0	0	0	0	66	0	0	0	0	0	0	0	0	0	0	0	0	0	0	0	0	0	0	0	0	0	0	0	0	0	0	0	0	0	0	0	0	0	0	139	135	0	0	0	0	0	0	43	0	0	0	0	0	22	0	0	21
assemblage-147-865	0	0	0	0	0	0	0	0	0	0	0	0	0	0	0	0	0	0	0	0	2	0	0	0	0	0	0	0	0	0	0	0	10	0	0	0	0	0	52	0	0	0	0	0	0	0	16	0	0	34	0	0	0	0	0	0	0	0	0	0	0	0	0	0	0	0	0	0	290	48	0	0	0	0	0	0	0	0	0	0	0	0	31	0	0	17
assemblage-934-638	0	0	0	0	0	0	0	0	0	0	0	0	0	0	0	0	0	0	0	0	0	0	0	0	0	0	0	0	0	0	0	0	0	0	0	0	0	0	0	0	197	0	0	0	0	31	0	0	0	0	0	0	0	0	0	0	0	0	0	0	0	0	0	246	0	0	0	0	0	0	0	0	0	0	0	0	0	0	0	0	0	0	0	0	0	26
assemblage-728-160	0	0	0	0	0	0	0	0	0	0	0	0	0	0	0	0	0	0	0	0	0	10	8	0	0	0	0	0	0	0	0	0	0	0	0	0	0	0	0	0	0	0	0	0	0	0	0	0	0	0	0	0	0	0	0	0	13	0	0	0	0	0	0	349	0	0	0	0	14	0	0	0	0	0	0	0	0	0	0	0	0	0	78	0	0	28
assemblage-773-705	0	0	17	0	0	0	0	0	0	0	0	0	0	0	0	0	0	6	0	0	0	0	0	0	0	0	0	0	0	0	0	7	0	0	0	0	0	0	30	0	0	0	0	0	0	0	0	0	0	0	0	0	0	0	0	0	0	0	0	0	0	0	0	12	0	0	0	0	20	207	0	0	0	90	0	0	0	0	0	0	0	0	81	0	0	30
assemblage-253-691	0	0	0	0	0	0	0	0	0	0	41	0	0	0	0	0	0	117	0	0	0	5	0	0	0	0	0	0	0	0	0	0	0	0	0	0	0	0	0	0	0	0	0	0	0	0	0	0	0	0	0	0	0	0	0	0	0	9	0	0	0	0	0	0	0	0	0	0	148	0	0	0	0	0	0	0	0	0	0	145	0	0	0	0	10	25
assemblage-614-217	0	5	0	0	0	0	0	0	0	0	0	0	0	0	0	0	0	117	0	15	0	0	0	0	0	137	0	0	0	0	0	0	0	0	10	0	0	0	3	0	0	0	0	0	0	0	0	0	0	0	0	0	0	0	31	0	0	0	0	8	0	0	0	11	0	0	0	0	110	0	6	0	0	0	0	0	0	0	0	0	0	0	39	0	0	8
assemblage-985-150	0	0	0	0	0	0	0	0	0	0	0	0	0	0	23	0	0	0	0	0	0	0	0	0	0	0	0	0	0	0	0	0	0	0	0	0	0	0	0	0	0	0	0	0	0	0	0	0	0	0	0	0	0	0	263	33	0	0	0	0	0	0	0	49	0	0	0	0	0	0	0	0	0	0	0	0	0	0	0	119	0	0	0	0	0	13
assemblage-271-260	0	0	0	0	0	0	0	0	0	0	0	0	0	0	0	0	0	0	0	0	0	0	0	0	0	0	0	0	0	0	0	0	3	0	0	0	0	0	50	0	0	0	0	0	0	0	23	0	0	32	0	0	0	0	0	0	0	0	0	0	0	0	0	0	0	0	0	0	277	51	0	0	0	0	0	0	0	0	0	0	0	0	30	0	0	34
assemblage-949-751	0	0	0	0	0	0	0	0	0	0	0	0	0	0	0	0	0	0	0	0	0	0	0	0	0	0	0	0	0	0	0	0	0	0	0	0	0	0	0	15	0	0	5	0	0	0	7	0	0	0	0	0	0	11	0	0	0	0	36	0	0	0	0	0	0	0	0	0	159	44	0	0	9	0	0	0	0	0	0	0	0	0	194	0	0	20
assemblage-718-576	0	0	0	0	0	0	0	0	0	0	0	0	0	45	0	0	0	0	0	0	0	0	0	0	16	0	0	0	0	0	0	0	0	49	0	0	0	0	0	0	0	0	0	0	0	0	0	0	0	0	0	0	0	0	0	0	0	0	0	0	0	0	0	0	0	0	0	0	140	158	0	0	0	0	0	0	46	0	0	0	0	0	25	0	0	21
assemblage-805-161	0	0	0	0	0	0	0	0	0	0	0	0	0	0	0	0	0	0	0	0	0	0	0	0	0	0	0	0	0	0	0	21	0	0	0	0	0	0	0	0	0	0	0	0	0	0	0	0	0	0	0	0	0	0	15	0	67	0	0	0	0	0	0	82	0	0	0	0	70	0	0	0	0	0	19	0	0	0	0	0	0	0	198	0	0	28
assemblage-746-526	0	0	0	0	0	0	0	0	0	0	0	0	0	0	0	0	0	133	0	14	0	0	0	0	0	126	0	0	0	0	0	0	0	0	10	0	0	0	0	0	0	0	0	0	0	0	0	0	0	0	0	0	0	0	26	0	0	0	0	13	0	0	0	9	0	0	0	0	113	0	7	0	0	0	0	0	0	0	0	0	0	0	26	0	0	23
assemblage-746-527	0	0	0	0	0	0	0	0	0	0	0	0	0	0	0	0	0	9	0	0	0	0	0	0	0	0	0	0	0	0	0	28	0	0	0	0	0	0	0	0	0	0	0	0	0	0	0	0	0	0	0	0	0	0	12	0	69	0	0	0	0	0	0	80	0	0	0	0	44	0	0	0	0	0	40	0	0	0	0	0	0	0	191	0	0	27
assemblage-146-669	0	0	0	0	0	0	0	0	0	0	0	0	0	0	0	0	0	0	0	0	0	0	0	0	0	0	0	0	0	0	0	0	0	0	0	0	0	0	0	0	0	0	0	0	0	0	0	0	0	0	0	0	0	0	6	0	0	7	0	0	0	0	0	0	0	0	147	0	301	0	0	0	0	0	0	0	0	0	0	3	0	24	0	0	0	12
assemblage-307-494	0	0	0	0	0	0	0	0	0	0	0	0	0	0	0	0	0	0	0	0	0	0	0	11	0	0	0	0	0	0	0	0	0	0	0	0	0	0	0	0	0	0	0	0	0	0	118	0	0	0	0	0	0	0	0	0	0	0	0	0	0	0	0	0	0	0	0	0	179	40	0	0	0	0	0	0	0	0	0	0	123	0	0	0	0	29
assemblage-252-694	0	0	0	0	0	0	0	0	0	0	37	0	0	0	0	0	0	118	0	0	0	13	0	0	0	0	0	0	0	0	0	0	0	0	0	0	0	0	0	0	0	0	0	0	0	0	0	0	0	0	0	0	0	0	0	0	0	11	0	0	0	0	0	0	0	0	0	0	146	0	0	0	0	0	0	0	0	0	0	147	0	0	0	0	8	20
assemblage-786-164	0	0	0	0	0	0	0	0	0	0	0	0	0	0	0	0	0	220	0	0	0	0	0	0	0	0	0	0	0	0	0	0	0	0	0	0	0	0	0	0	0	0	0	15	0	0	0	0	0	0	0	0	0	0	42	0	0	0	0	0	0	0	0	161	0	0	0	0	37	8	0	0	0	0	0	0	0	0	0	0	0	0	0	0	0	17
assemblage-137-652	0	0	0	0	0	0	0	0	0	0	0	0	0	0	0	0	0	0	0	0	0	0	0	0	0	0	0	0	0	0	0	0	0	0	0	0	0	0	0	0	0	0	0	0	0	0	0	0	0	0	0	0	0	0	0	0	0	0	0	0	0	0	0	0	0	0	122	0	315	0	0	0	0	0	0	0	0	0	0	13	0	15	0	0	0	35
assemblage-800-441	0	0	0	0	0	0	0	0	0	0	0	30	0	0	0	0	0	20	0	0	0	0	0	0	0	22	4	0	0	0	11	0	0	0	0	0	0	0	0	0	0	0	0	0	0	0	6	0	0	0	0	0	0	0	0	0	0	0	0	0	0	0	0	9	0	0	0	0	252	29	0	0	0	0	0	0	0	0	0	0	0	0	100	0	0	17
assemblage-928-768	0	0	18	0	0	0	0	0	0	0	0	0	0	0	0	0	0	0	0	0	0	0	0	0	0	0	0	0	0	0	0	0	0	0	0	0	0	0	22	0	0	0	0	0	0	0	0	0	0	0	0	0	0	0	0	0	0	0	0	0	0	0	0	23	0	0	0	0	25	213	0	0	0	72	0	0	0	0	0	0	0	0	83	0	0	44
assemblage-717-587	0	0	0	0	0	0	0	0	0	0	0	0	0	0	0	0	0	0	0	0	0	0	0	0	0	0	0	0	0	0	0	0	0	0	0	0	0	0	0	11	0	0	8	0	0	0	10	0	0	0	0	0	0	10	0	0	0	0	27	0	0	0	0	0	0	0	0	0	177	26	0	0	9	0	0	0	0	0	0	0	0	0	211	0	0	11
assemblage-141-639	0	0	0	0	0	0	0	0	0	0	0	0	0	0	0	0	0	0	0	0	0	0	0	0	0	0	0	0	0	0	0	0	0	0	0	0	0	0	0	0	0	0	0	0	0	0	0	0	0	0	0	0	0	0	0	0	0	15	0	0	0	0	0	0	0	0	147	0	288	0	0	0	0	0	0	0	0	0	0	6	0	23	0	0	0	21
assemblage-770-706	0	0	0	0	0	0	14	0	0	0	0	0	2	0	0	0	0	7	0	0	0	0	0	0	0	53	0	0	0	0	0	0	0	0	0	0	0	0	276	0	0	0	0	0	0	0	0	0	0	0	0	0	0	0	0	0	0	0	0	0	0	0	0	62	0	0	0	0	65	0	0	0	0	0	0	0	0	0	0	0	0	0	0	0	0	21
assemblage-790-152	0	0	0	0	0	0	0	0	0	5	0	0	0	0	0	0	0	93	0	0	0	0	0	0	0	14	0	0	0	0	0	0	0	0	0	0	0	0	0	0	0	0	0	0	0	0	0	0	0	0	0	8	0	0	16	0	0	0	0	0	0	0	0	25	0	0	0	0	305	0	0	0	0	0	0	0	0	0	0	0	0	0	14	0	0	20
assemblage-403-819	0	0	0	0	0	8	0	0	0	0	0	0	0	0	0	0	0	0	0	0	0	0	0	0	0	0	0	8	0	0	0	0	0	0	0	0	0	0	0	0	0	0	0	0	0	0	0	0	9	0	0	0	0	0	208	0	0	0	0	0	0	0	0	0	0	0	6	0	15	0	0	0	0	0	0	0	0	0	0	228	0	0	0	0	0	18
assemblage-346-771	0	0	0	0	0	0	0	0	0	0	7	0	0	0	0	0	0	0	0	0	0	6	0	0	0	0	0	0	0	0	0	0	0	0	0	0	0	0	0	0	0	0	0	0	0	0	0	0	0	0	0	0	0	0	0	27	0	0	0	0	0	0	0	17	0	0	0	0	401	0	0	0	0	0	0	0	0	0	0	17	0	0	0	0	0	25
assemblage-926-748	0	0	0	0	0	0	0	0	0	0	0	0	0	0	0	0	0	0	0	0	0	0	0	0	0	0	0	0	0	0	0	0	0	0	0	0	0	0	0	0	0	0	0	0	0	0	0	0	0	0	0	0	0	0	0	0	0	0	0	0	0	23	0	0	0	0	0	0	64	387	0	0	0	0	0	0	0	0	0	0	0	0	10	0	0	16
assemblage-787-279	0	0	0	0	0	0	0	0	0	9	0	0	0	0	0	0	0	93	0	0	0	0	0	0	0	15	0	0	0	0	0	0	0	0	0	0	0	0	0	0	0	0	0	0	7	0	0	0	0	0	0	13	0	0	13	0	0	0	0	0	0	0	0	27	0	0	0	0	276	0	0	0	0	0	0	0	0	0	0	0	0	0	23	0	0	24
assemblage-548-684	0	0	0	0	0	0	0	0	0	0	0	0	0	0	0	0	0	0	0	0	0	188	0	0	0	0	0	0	0	0	0	0	0	0	0	0	95	0	0	0	0	0	0	0	0	0	0	4	0	0	0	0	0	0	0	74	0	0	0	0	6	0	0	117	0	0	0	0	0	0	0	0	0	0	0	0	0	0	0	0	0	0	0	0	0	16
assemblage-987-160	0	0	0	0	0	0	0	0	0	0	0	0	0	0	0	0	0	0	0	0	0	10	5	0	0	0	0	0	0	0	0	0	0	0	0	0	0	0	0	0	0	0	0	0	0	0	0	0	0	0	0	0	0	0	0	0	11	0	0	0	0	0	0	338	0	0	0	0	16	0	0	0	0	0	0	0	0	0	0	0	0	0	78	0	0	42
assemblage-397-817	0	0	0	0	0	0	0	0	0	0	0	0	0	0	0	0	0	0	0	0	0	0	0	0	0	0	0	13	0	0	0	0	0	0	0	0	0	0	0	0	0	0	0	0	0	0	0	0	10	0	0	0	0	0	230	0	0	0	0	0	0	0	0	0	0	0	8	0	24	0	0	0	0	0	0	0	0	0	0	200	0	0	0	0	0	15
assemblage-314-483	0	0	0	0	10	0	0	0	0	0	0	0	0	0	0	0	0	0	0	0	0	0	0	0	0	0	0	0	0	0	0	0	0	0	0	0	0	4	38	0	0	0	0	0	0	0	0	0	0	0	0	0	0	0	0	0	0	0	0	0	0	0	0	0	0	0	0	0	66	354	0	0	0	0	0	9	0	0	0	0	0	0	0	0	0	19
assemblage-824-435	0	0	21	0	0	0	0	0	0	0	0	0	0	0	0	0	0	0	0	0	0	0	0	0	0	0	0	0	0	0	0	0	0	0	0	0	0	0	33	0	0	0	0	0	0	0	0	0	0	0	0	0	0	0	0	0	0	0	0	0	0	0	0	16	0	0	0	0	22	196	0	0	0	87	0	0	0	0	0	0	0	0	79	0	0	46
assemblage-935-640	0	0	0	0	0	0	0	0	0	0	0	0	0	0	0	0	0	0	7	0	0	0	0	0	0	0	0	0	0	0	0	0	0	0	0	0	0	0	0	0	195	0	0	0	0	23	0	0	0	0	0	0	0	0	0	0	0	0	0	0	0	0	0	250	0	0	0	0	0	0	0	0	0	0	0	0	0	0	0	0	0	0	0	0	0	25
assemblage-924-643	0	0	0	0	0	0	0	0	0	0	0	0	0	0	0	0	0	0	5	0	0	0	0	0	0	0	0	0	0	0	0	0	0	0	0	0	0	0	0	0	195	0	0	0	0	23	0	0	0	0	0	0	0	0	0	0	0	0	0	0	0	0	0	253	0	0	0	0	0	0	0	0	0	0	0	0	0	0	0	0	0	0	0	0	0	24
assemblage-988-143	0	0	0	0	0	0	0	0	0	0	0	0	0	0	0	0	0	0	0	0	0	9	14	0	0	0	0	0	0	0	0	0	0	0	0	0	0	0	0	0	0	0	0	0	0	0	0	0	0	0	0	0	0	0	0	0	10	0	0	0	0	0	0	340	0	0	0	0	22	0	0	0	0	0	0	0	0	0	0	0	0	0	78	0	0	27
assemblage-129-623	0	0	0	0	0	0	0	0	0	0	0	0	0	0	0	0	0	0	0	0	0	0	0	0	0	0	0	0	0	0	0	0	0	0	0	0	0	0	0	0	0	0	0	0	0	0	0	0	0	0	0	0	0	0	0	0	0	8	0	0	0	0	0	0	0	0	133	0	295	0	0	0	0	0	0	0	0	0	0	10	0	28	0	0	0	26
assemblage-168-849	0	0	0	0	0	0	0	0	0	0	0	0	0	0	0	0	0	0	0	0	0	0	0	0	0	0	0	0	31	0	0	0	0	0	0	0	0	0	23	0	0	0	0	0	0	0	0	0	0	0	0	0	0	0	0	0	0	0	0	0	0	0	0	0	0	0	0	0	83	183	0	0	0	0	0	0	0	0	0	0	0	0	167	0	0	13
assemblage-935-765	0	0	26	0	0	0	0	0	0	0	0	0	0	0	0	0	0	0	0	0	0	0	0	0	0	0	0	0	0	0	0	0	0	0	0	0	0	0	31	0	0	0	0	0	0	0	0	0	0	0	0	0	0	0	0	0	0	0	0	0	0	0	0	26	0	0	0	0	24	200	0	0	0	83	0	0	0	0	0	0	0	0	75	0	0	35
assemblage-396-268	0	0	0	0	0	0	0	0	0	0	0	0	0	58	0	0	0	0	0	0	0	0	0	0	15	0	0	0	0	0	0	0	0	77	0	0	0	0	0	0	0	0	0	0	0	0	0	0	0	0	0	0	0	0	0	0	0	0	0	0	0	0	0	0	0	0	0	0	137	146	0	0	0	0	0	0	40	0	0	0	0	0	13	0	0	14
assemblage-325-495	0	0	0	0	0	0	0	0	0	0	0	0	0	0	0	0	0	0	0	0	0	0	0	0	0	0	0	0	0	0	0	0	11	0	0	0	0	0	61	0	0	0	0	0	0	0	13	0	0	24	0	0	0	0	0	0	0	0	0	0	0	0	0	0	0	0	0	0	296	38	0	0	0	0	0	0	0	0	0	0	0	0	32	0	0	25
assemblage-860-467	0	0	0	0	0	0	0	0	0	0	0	0	0	0	0	0	0	0	0	0	0	0	0	0	0	0	0	0	0	4	0	0	0	0	0	0	0	0	0	0	0	0	0	0	0	0	0	0	0	0	0	0	11	0	0	0	0	0	0	0	0	0	0	0	0	0	0	0	146	290	0	0	0	0	0	0	0	0	0	0	0	0	22	0	0	27
assemblage-384-249	0	0	0	0	0	0	0	0	0	0	0	0	0	69	0	0	0	0	0	0	0	0	0	0	24	0	0	0	0	0	0	0	0	64	0	0	0	0	0	0	0	0	0	0	0	0	0	0	0	0	0	0	0	0	0	0	0	0	0	0	0	0	0	0	0	0	0	0	138	140	0	0	0	0	0	0	31	0	0	0	0	0	16	0	0	18
assemblage-356-780	0	0	0	0	0	7	0	0	0	0	28	0	0	0	0	0	0	125	0	0	0	8	0	0	0	0	0	0	0	0	0	0	0	0	0	0	0	0	0	0	0	0	0	0	0	0	0	0	0	0	0	0	0	0	0	0	0	16	0	0	0	0	0	0	0	0	0	0	129	0	0	0	0	0	0	0	0	0	0	143	0	0	0	0	8	36
assemblage-992-151	0	0	0	0	0	0	0	0	0	0	0	0	0	0	34	0	0	0	0	0	0	0	0	0	0	0	0	0	0	0	0	0	0	0	0	0	0	0	0	0	0	0	0	0	0	0	0	0	0	0	0	0	0	0	241	35	0	0	0	0	0	0	0	41	0	0	0	0	0	0	0	0	0	0	0	0	0	0	0	136	0	0	0	0	0	13
assemblage-265-238	0	0	0	0	17	0	0	0	0	0	0	0	0	0	0	0	0	0	0	0	0	0	0	0	0	0	0	0	0	0	0	0	0	0	0	0	0	4	38	0	0	0	0	0	0	0	0	0	0	0	0	0	0	0	0	0	0	0	0	0	0	0	0	0	0	0	0	0	65	346	0	0	0	0	0	9	0	0	0	0	0	0	0	0	0	21
