Seriation_Number	Assemblage	9061977-1-1	8294896-8378091-1	227870-1-4229510	4-2492952-1	9181798-3957527-7592136	4-5276383-4669321	7753122-2-431175	9181798-3117198-7592136	9636610-0-3	4-1-9942181	2473746-5276383-4669321	4-7693920-7750398	9623887-1-2060932	9181798-1502609-7592136	4-5877793-4669321	8158736-2-7592136	1-2-9532769	9181798-2-4669321	1-6025387-0	8695831-8378091-1	1448255-2-4669321	3-3-2	0-2-1995998	4-4984435-1	6192733-259050-7592136	4-8378091-1	9623887-1-1	2063955-2-3	7863202-1-1	6889274-1-1	3191128-1-1	4-7151548-7750398	4-2685437-1	6192733-2-7592136	1748456-8378091-1	3948743-1-1	3-3-2147400	9365128-3957527-7592136	7753122-2-4669321	8870343-1-7750398	1-2-0	2777301-1-1	4-1614726-1	9181798-2-2301938	7844269-2-3	0-2-6302437	3966182-7693920-7750398	4651270-3-2794454	5018925-2-4669321	7753122-2-9676178	4-302497-1	4-1648437-1	9181798-5154364-7592136	4-5765550-7750398	4-2-3	3-3-2794454	1679986-2-3	4-1-9142594	4-2849363-1	4-8310257-1	0-2-3258519	8978118-2-7592136	4-2-9334340	0-2-3	9181798-9836127-7592136	9181798-4328863-7592136	1-0-3	4-8112055-4991260	4-1-1	9181798-2-7592136	4-1-658608	4-1-5610076	4-1-3701992	4-1-4229510	1679986-2-6667230	9181798-2-8302053	9181798-9615953-7592136	4-1-9353944	2-4-4	4-2-4669321	4-1-4991260	4-9019547-4669321	4-1-7750398	6268320-8378091-1	9181798-9886437-4669321	9181798-2-9068187
1	assemblage-920-647	0	0	0	0	0	0	0	0	0	0	0	0	0	0	0	0	0	0	7	0	0	0	0	0	0	0	0	0	0	0	0	0	0	0	0	0	0	0	0	0	201	0	0	0	0	24	0	0	0	0	0	0	0	0	0	0	0	0	0	0	0	0	0	253	0	0	0	0	0	0	0	0	0	0	0	0	0	0	0	0	0	0	0	0	0	15
1	assemblage-442-928	0	0	0	0	0	0	14	0	0	0	0	0	12	0	0	0	0	10	0	0	0	0	0	0	0	51	0	0	0	0	0	0	0	0	0	0	0	0	269	0	0	0	0	0	0	0	0	0	0	0	0	0	0	0	0	0	0	0	0	0	0	0	0	56	0	0	0	0	56	0	0	0	0	0	0	0	0	0	0	0	0	0	0	0	0	32
1	assemblage-949-751	0	0	0	0	0	0	0	0	0	0	0	0	0	0	0	0	0	0	0	0	0	0	0	0	0	0	0	0	0	0	0	0	0	0	0	0	0	0	0	15	0	0	5	0	0	0	7	0	0	0	0	0	0	11	0	0	0	0	36	0	0	0	0	0	0	0	0	0	159	44	0	0	9	0	0	0	0	0	0	0	0	0	194	0	0	20

2	assemblage-920-647	0	0	0	0	0	0	0	0	0	0	0	0	0	0	0	0	0	0	7	0	0	0	0	0	0	0	0	0	0	0	0	0	0	0	0	0	0	0	0	0	201	0	0	0	0	24	0	0	0	0	0	0	0	0	0	0	0	0	0	0	0	0	0	253	0	0	0	0	0	0	0	0	0	0	0	0	0	0	0	0	0	0	0	0	0	15
2	assemblage-442-928	0	0	0	0	0	0	14	0	0	0	0	0	12	0	0	0	0	10	0	0	0	0	0	0	0	51	0	0	0	0	0	0	0	0	0	0	0	0	269	0	0	0	0	0	0	0	0	0	0	0	0	0	0	0	0	0	0	0	0	0	0	0	0	56	0	0	0	0	56	0	0	0	0	0	0	0	0	0	0	0	0	0	0	0	0	32
2	assemblage-902-761	0	0	0	0	0	0	0	0	0	0	0	19	0	0	0	0	0	14	0	0	0	0	0	0	0	24	0	0	0	0	10	0	0	0	0	0	0	0	0	0	0	0	0	0	0	0	4	0	0	0	0	0	0	0	0	0	0	0	0	0	0	0	0	7	0	0	0	0	251	32	0	0	0	0	0	0	0	0	0	0	0	0	122	0	0	17

3	assemblage-863-488	0	0	0	0	0	0	0	0	0	0	0	0	0	64	0	0	0	0	0	0	0	0	0	0	22	0	0	0	0	0	0	0	0	59	0	0	0	0	0	0	0	0	0	0	0	0	0	0	0	0	0	0	0	0	0	0	0	0	0	0	0	0	0	0	0	0	0	0	136	138	0	0	0	0	0	0	41	0	0	0	0	0	16	0	0	24
3	assemblage-949-751	0	0	0	0	0	0	0	0	0	0	0	0	0	0	0	0	0	0	0	0	0	0	0	0	0	0	0	0	0	0	0	0	0	0	0	0	0	0	0	15	0	0	5	0	0	0	7	0	0	0	0	0	0	11	0	0	0	0	36	0	0	0	0	0	0	0	0	0	159	44	0	0	9	0	0	0	0	0	0	0	0	0	194	0	0	20
3	assemblage-955-629	0	0	0	0	0	0	0	0	0	0	0	0	0	0	0	0	2	0	0	0	0	0	0	0	0	0	0	0	0	0	0	0	0	0	0	0	0	0	0	0	203	0	0	0	0	24	0	0	0	0	0	0	0	0	0	0	0	0	0	0	0	0	0	251	0	0	0	0	0	0	0	0	0	0	0	0	0	0	0	0	0	0	0	0	0	20

4	assemblage-863-488	0	0	0	0	0	0	0	0	0	0	0	0	0	64	0	0	0	0	0	0	0	0	0	0	22	0	0	0	0	0	0	0	0	59	0	0	0	0	0	0	0	0	0	0	0	0	0	0	0	0	0	0	0	0	0	0	0	0	0	0	0	0	0	0	0	0	0	0	136	138	0	0	0	0	0	0	41	0	0	0	0	0	16	0	0	24
4	assemblage-442-928	0	0	0	0	0	0	14	0	0	0	0	0	12	0	0	0	0	10	0	0	0	0	0	0	0	51	0	0	0	0	0	0	0	0	0	0	0	0	269	0	0	0	0	0	0	0	0	0	0	0	0	0	0	0	0	0	0	0	0	0	0	0	0	56	0	0	0	0	56	0	0	0	0	0	0	0	0	0	0	0	0	0	0	0	0	32
4	assemblage-955-629	0	0	0	0	0	0	0	0	0	0	0	0	0	0	0	0	2	0	0	0	0	0	0	0	0	0	0	0	0	0	0	0	0	0	0	0	0	0	0	0	203	0	0	0	0	24	0	0	0	0	0	0	0	0	0	0	0	0	0	0	0	0	0	251	0	0	0	0	0	0	0	0	0	0	0	0	0	0	0	0	0	0	0	0	0	20

5	assemblage-423-796	0	0	0	0	0	0	0	0	0	0	0	0	0	0	0	0	0	0	0	0	0	0	0	0	0	0	0	6	0	0	0	0	0	0	0	0	0	0	0	0	0	0	0	0	0	0	0	0	10	0	0	0	0	0	210	0	0	0	0	0	0	0	0	0	0	0	6	0	26	0	0	0	0	0	0	0	0	0	0	220	0	0	0	0	0	22
5	assemblage-949-751	0	0	0	0	0	0	0	0	0	0	0	0	0	0	0	0	0	0	0	0	0	0	0	0	0	0	0	0	0	0	0	0	0	0	0	0	0	0	0	15	0	0	5	0	0	0	7	0	0	0	0	0	0	11	0	0	0	0	36	0	0	0	0	0	0	0	0	0	159	44	0	0	9	0	0	0	0	0	0	0	0	0	194	0	0	20
5	assemblage-955-629	0	0	0	0	0	0	0	0	0	0	0	0	0	0	0	0	2	0	0	0	0	0	0	0	0	0	0	0	0	0	0	0	0	0	0	0	0	0	0	0	203	0	0	0	0	24	0	0	0	0	0	0	0	0	0	0	0	0	0	0	0	0	0	251	0	0	0	0	0	0	0	0	0	0	0	0	0	0	0	0	0	0	0	0	0	20

6	assemblage-423-796	0	0	0	0	0	0	0	0	0	0	0	0	0	0	0	0	0	0	0	0	0	0	0	0	0	0	0	6	0	0	0	0	0	0	0	0	0	0	0	0	0	0	0	0	0	0	0	0	10	0	0	0	0	0	210	0	0	0	0	0	0	0	0	0	0	0	6	0	26	0	0	0	0	0	0	0	0	0	0	220	0	0	0	0	0	22
6	assemblage-442-928	0	0	0	0	0	0	14	0	0	0	0	0	12	0	0	0	0	10	0	0	0	0	0	0	0	51	0	0	0	0	0	0	0	0	0	0	0	0	269	0	0	0	0	0	0	0	0	0	0	0	0	0	0	0	0	0	0	0	0	0	0	0	0	56	0	0	0	0	56	0	0	0	0	0	0	0	0	0	0	0	0	0	0	0	0	32
6	assemblage-955-629	0	0	0	0	0	0	0	0	0	0	0	0	0	0	0	0	2	0	0	0	0	0	0	0	0	0	0	0	0	0	0	0	0	0	0	0	0	0	0	0	203	0	0	0	0	24	0	0	0	0	0	0	0	0	0	0	0	0	0	0	0	0	0	251	0	0	0	0	0	0	0	0	0	0	0	0	0	0	0	0	0	0	0	0	0	20

7	assemblage-423-796	0	0	0	0	0	0	0	0	0	0	0	0	0	0	0	0	0	0	0	0	0	0	0	0	0	0	0	6	0	0	0	0	0	0	0	0	0	0	0	0	0	0	0	0	0	0	0	0	10	0	0	0	0	0	210	0	0	0	0	0	0	0	0	0	0	0	6	0	26	0	0	0	0	0	0	0	0	0	0	220	0	0	0	0	0	22
7	assemblage-442-928	0	0	0	0	0	0	14	0	0	0	0	0	12	0	0	0	0	10	0	0	0	0	0	0	0	51	0	0	0	0	0	0	0	0	0	0	0	0	269	0	0	0	0	0	0	0	0	0	0	0	0	0	0	0	0	0	0	0	0	0	0	0	0	56	0	0	0	0	56	0	0	0	0	0	0	0	0	0	0	0	0	0	0	0	0	32
7	assemblage-949-751	0	0	0	0	0	0	0	0	0	0	0	0	0	0	0	0	0	0	0	0	0	0	0	0	0	0	0	0	0	0	0	0	0	0	0	0	0	0	0	15	0	0	5	0	0	0	7	0	0	0	0	0	0	11	0	0	0	0	36	0	0	0	0	0	0	0	0	0	159	44	0	0	9	0	0	0	0	0	0	0	0	0	194	0	0	20

8	assemblage-423-796	0	0	0	0	0	0	0	0	0	0	0	0	0	0	0	0	0	0	0	0	0	0	0	0	0	0	0	6	0	0	0	0	0	0	0	0	0	0	0	0	0	0	0	0	0	0	0	0	10	0	0	0	0	0	210	0	0	0	0	0	0	0	0	0	0	0	6	0	26	0	0	0	0	0	0	0	0	0	0	220	0	0	0	0	0	22
8	assemblage-442-928	0	0	0	0	0	0	14	0	0	0	0	0	12	0	0	0	0	10	0	0	0	0	0	0	0	51	0	0	0	0	0	0	0	0	0	0	0	0	269	0	0	0	0	0	0	0	0	0	0	0	0	0	0	0	0	0	0	0	0	0	0	0	0	56	0	0	0	0	56	0	0	0	0	0	0	0	0	0	0	0	0	0	0	0	0	32
8	assemblage-902-761	0	0	0	0	0	0	0	0	0	0	0	19	0	0	0	0	0	14	0	0	0	0	0	0	0	24	0	0	0	0	10	0	0	0	0	0	0	0	0	0	0	0	0	0	0	0	4	0	0	0	0	0	0	0	0	0	0	0	0	0	0	0	0	7	0	0	0	0	251	32	0	0	0	0	0	0	0	0	0	0	0	0	122	0	0	17

9	assemblage-423-796	0	0	0	0	0	0	0	0	0	0	0	0	0	0	0	0	0	0	0	0	0	0	0	0	0	0	0	6	0	0	0	0	0	0	0	0	0	0	0	0	0	0	0	0	0	0	0	0	10	0	0	0	0	0	210	0	0	0	0	0	0	0	0	0	0	0	6	0	26	0	0	0	0	0	0	0	0	0	0	220	0	0	0	0	0	22
9	assemblage-863-488	0	0	0	0	0	0	0	0	0	0	0	0	0	64	0	0	0	0	0	0	0	0	0	0	22	0	0	0	0	0	0	0	0	59	0	0	0	0	0	0	0	0	0	0	0	0	0	0	0	0	0	0	0	0	0	0	0	0	0	0	0	0	0	0	0	0	0	0	136	138	0	0	0	0	0	0	41	0	0	0	0	0	16	0	0	24
9	assemblage-955-629	0	0	0	0	0	0	0	0	0	0	0	0	0	0	0	0	2	0	0	0	0	0	0	0	0	0	0	0	0	0	0	0	0	0	0	0	0	0	0	0	203	0	0	0	0	24	0	0	0	0	0	0	0	0	0	0	0	0	0	0	0	0	0	251	0	0	0	0	0	0	0	0	0	0	0	0	0	0	0	0	0	0	0	0	0	20

10	assemblage-423-796	0	0	0	0	0	0	0	0	0	0	0	0	0	0	0	0	0	0	0	0	0	0	0	0	0	0	0	6	0	0	0	0	0	0	0	0	0	0	0	0	0	0	0	0	0	0	0	0	10	0	0	0	0	0	210	0	0	0	0	0	0	0	0	0	0	0	6	0	26	0	0	0	0	0	0	0	0	0	0	220	0	0	0	0	0	22
10	assemblage-863-488	0	0	0	0	0	0	0	0	0	0	0	0	0	64	0	0	0	0	0	0	0	0	0	0	22	0	0	0	0	0	0	0	0	59	0	0	0	0	0	0	0	0	0	0	0	0	0	0	0	0	0	0	0	0	0	0	0	0	0	0	0	0	0	0	0	0	0	0	136	138	0	0	0	0	0	0	41	0	0	0	0	0	16	0	0	24
10	assemblage-949-751	0	0	0	0	0	0	0	0	0	0	0	0	0	0	0	0	0	0	0	0	0	0	0	0	0	0	0	0	0	0	0	0	0	0	0	0	0	0	0	15	0	0	5	0	0	0	7	0	0	0	0	0	0	11	0	0	0	0	36	0	0	0	0	0	0	0	0	0	159	44	0	0	9	0	0	0	0	0	0	0	0	0	194	0	0	20

11	assemblage-423-796	0	0	0	0	0	0	0	0	0	0	0	0	0	0	0	0	0	0	0	0	0	0	0	0	0	0	0	6	0	0	0	0	0	0	0	0	0	0	0	0	0	0	0	0	0	0	0	0	10	0	0	0	0	0	210	0	0	0	0	0	0	0	0	0	0	0	6	0	26	0	0	0	0	0	0	0	0	0	0	220	0	0	0	0	0	22
11	assemblage-863-488	0	0	0	0	0	0	0	0	0	0	0	0	0	64	0	0	0	0	0	0	0	0	0	0	22	0	0	0	0	0	0	0	0	59	0	0	0	0	0	0	0	0	0	0	0	0	0	0	0	0	0	0	0	0	0	0	0	0	0	0	0	0	0	0	0	0	0	0	136	138	0	0	0	0	0	0	41	0	0	0	0	0	16	0	0	24
11	assemblage-902-761	0	0	0	0	0	0	0	0	0	0	0	19	0	0	0	0	0	14	0	0	0	0	0	0	0	24	0	0	0	0	10	0	0	0	0	0	0	0	0	0	0	0	0	0	0	0	4	0	0	0	0	0	0	0	0	0	0	0	0	0	0	0	0	7	0	0	0	0	251	32	0	0	0	0	0	0	0	0	0	0	0	0	122	0	0	17

12	assemblage-423-796	0	0	0	0	0	0	0	0	0	0	0	0	0	0	0	0	0	0	0	0	0	0	0	0	0	0	0	6	0	0	0	0	0	0	0	0	0	0	0	0	0	0	0	0	0	0	0	0	10	0	0	0	0	0	210	0	0	0	0	0	0	0	0	0	0	0	6	0	26	0	0	0	0	0	0	0	0	0	0	220	0	0	0	0	0	22
12	assemblage-863-488	0	0	0	0	0	0	0	0	0	0	0	0	0	64	0	0	0	0	0	0	0	0	0	0	22	0	0	0	0	0	0	0	0	59	0	0	0	0	0	0	0	0	0	0	0	0	0	0	0	0	0	0	0	0	0	0	0	0	0	0	0	0	0	0	0	0	0	0	136	138	0	0	0	0	0	0	41	0	0	0	0	0	16	0	0	24
12	assemblage-920-647	0	0	0	0	0	0	0	0	0	0	0	0	0	0	0	0	0	0	7	0	0	0	0	0	0	0	0	0	0	0	0	0	0	0	0	0	0	0	0	0	201	0	0	0	0	24	0	0	0	0	0	0	0	0	0	0	0	0	0	0	0	0	0	253	0	0	0	0	0	0	0	0	0	0	0	0	0	0	0	0	0	0	0	0	0	15

13	assemblage-738-152	0	0	0	0	0	0	0	0	0	0	0	0	0	0	0	0	0	0	0	0	0	7	0	0	0	0	0	0	0	0	0	0	0	0	0	0	0	0	0	0	0	4	0	0	0	0	0	0	0	0	0	0	0	0	0	34	0	0	0	0	0	0	0	27	0	0	0	0	395	0	0	0	0	0	0	0	0	0	0	14	0	0	0	0	0	19
13	assemblage-902-761	0	0	0	0	0	0	0	0	0	0	0	19	0	0	0	0	0	14	0	0	0	0	0	0	0	24	0	0	0	0	10	0	0	0	0	0	0	0	0	0	0	0	0	0	0	0	4	0	0	0	0	0	0	0	0	0	0	0	0	0	0	0	0	7	0	0	0	0	251	32	0	0	0	0	0	0	0	0	0	0	0	0	122	0	0	17
13	assemblage-949-751	0	0	0	0	0	0	0	0	0	0	0	0	0	0	0	0	0	0	0	0	0	0	0	0	0	0	0	0	0	0	0	0	0	0	0	0	0	0	0	15	0	0	5	0	0	0	7	0	0	0	0	0	0	11	0	0	0	0	36	0	0	0	0	0	0	0	0	0	159	44	0	0	9	0	0	0	0	0	0	0	0	0	194	0	0	20

14	assemblage-738-152	0	0	0	0	0	0	0	0	0	0	0	0	0	0	0	0	0	0	0	0	0	7	0	0	0	0	0	0	0	0	0	0	0	0	0	0	0	0	0	0	0	4	0	0	0	0	0	0	0	0	0	0	0	0	0	34	0	0	0	0	0	0	0	27	0	0	0	0	395	0	0	0	0	0	0	0	0	0	0	14	0	0	0	0	0	19
14	assemblage-442-928	0	0	0	0	0	0	14	0	0	0	0	0	12	0	0	0	0	10	0	0	0	0	0	0	0	51	0	0	0	0	0	0	0	0	0	0	0	0	269	0	0	0	0	0	0	0	0	0	0	0	0	0	0	0	0	0	0	0	0	0	0	0	0	56	0	0	0	0	56	0	0	0	0	0	0	0	0	0	0	0	0	0	0	0	0	32
14	assemblage-955-629	0	0	0	0	0	0	0	0	0	0	0	0	0	0	0	0	2	0	0	0	0	0	0	0	0	0	0	0	0	0	0	0	0	0	0	0	0	0	0	0	203	0	0	0	0	24	0	0	0	0	0	0	0	0	0	0	0	0	0	0	0	0	0	251	0	0	0	0	0	0	0	0	0	0	0	0	0	0	0	0	0	0	0	0	0	20

15	assemblage-629-202	0	0	0	0	0	0	0	0	0	0	0	0	0	0	0	0	0	213	0	0	0	0	0	0	0	0	0	0	0	0	0	0	0	0	0	0	0	0	0	0	0	0	0	23	0	0	0	0	0	0	0	0	0	0	46	0	0	0	0	0	0	0	0	182	0	0	0	0	19	6	0	0	0	0	0	0	0	0	0	0	0	0	0	0	0	11
15	assemblage-863-488	0	0	0	0	0	0	0	0	0	0	0	0	0	64	0	0	0	0	0	0	0	0	0	0	22	0	0	0	0	0	0	0	0	59	0	0	0	0	0	0	0	0	0	0	0	0	0	0	0	0	0	0	0	0	0	0	0	0	0	0	0	0	0	0	0	0	0	0	136	138	0	0	0	0	0	0	41	0	0	0	0	0	16	0	0	24
15	assemblage-949-751	0	0	0	0	0	0	0	0	0	0	0	0	0	0	0	0	0	0	0	0	0	0	0	0	0	0	0	0	0	0	0	0	0	0	0	0	0	0	0	15	0	0	5	0	0	0	7	0	0	0	0	0	0	11	0	0	0	0	36	0	0	0	0	0	0	0	0	0	159	44	0	0	9	0	0	0	0	0	0	0	0	0	194	0	0	20

16	assemblage-914-777	0	0	0	0	0	0	0	0	0	0	0	19	0	0	0	0	0	25	0	0	0	0	0	0	0	29	0	0	0	0	3	0	0	0	0	0	0	0	0	0	0	0	0	0	0	0	11	0	0	0	0	0	0	0	0	0	0	0	0	0	0	0	0	8	0	0	0	0	268	24	0	0	0	0	0	0	0	0	0	0	0	0	87	0	0	26
16	assemblage-442-928	0	0	0	0	0	0	14	0	0	0	0	0	12	0	0	0	0	10	0	0	0	0	0	0	0	51	0	0	0	0	0	0	0	0	0	0	0	0	269	0	0	0	0	0	0	0	0	0	0	0	0	0	0	0	0	0	0	0	0	0	0	0	0	56	0	0	0	0	56	0	0	0	0	0	0	0	0	0	0	0	0	0	0	0	0	32
16	assemblage-955-629	0	0	0	0	0	0	0	0	0	0	0	0	0	0	0	0	2	0	0	0	0	0	0	0	0	0	0	0	0	0	0	0	0	0	0	0	0	0	0	0	203	0	0	0	0	24	0	0	0	0	0	0	0	0	0	0	0	0	0	0	0	0	0	251	0	0	0	0	0	0	0	0	0	0	0	0	0	0	0	0	0	0	0	0	0	20

17	assemblage-914-777	0	0	0	0	0	0	0	0	0	0	0	19	0	0	0	0	0	25	0	0	0	0	0	0	0	29	0	0	0	0	3	0	0	0	0	0	0	0	0	0	0	0	0	0	0	0	11	0	0	0	0	0	0	0	0	0	0	0	0	0	0	0	0	8	0	0	0	0	268	24	0	0	0	0	0	0	0	0	0	0	0	0	87	0	0	26
17	assemblage-738-152	0	0	0	0	0	0	0	0	0	0	0	0	0	0	0	0	0	0	0	0	0	7	0	0	0	0	0	0	0	0	0	0	0	0	0	0	0	0	0	0	0	4	0	0	0	0	0	0	0	0	0	0	0	0	0	34	0	0	0	0	0	0	0	27	0	0	0	0	395	0	0	0	0	0	0	0	0	0	0	14	0	0	0	0	0	19
17	assemblage-955-629	0	0	0	0	0	0	0	0	0	0	0	0	0	0	0	0	2	0	0	0	0	0	0	0	0	0	0	0	0	0	0	0	0	0	0	0	0	0	0	0	203	0	0	0	0	24	0	0	0	0	0	0	0	0	0	0	0	0	0	0	0	0	0	251	0	0	0	0	0	0	0	0	0	0	0	0	0	0	0	0	0	0	0	0	0	20

18	assemblage-914-777	0	0	0	0	0	0	0	0	0	0	0	19	0	0	0	0	0	25	0	0	0	0	0	0	0	29	0	0	0	0	3	0	0	0	0	0	0	0	0	0	0	0	0	0	0	0	11	0	0	0	0	0	0	0	0	0	0	0	0	0	0	0	0	8	0	0	0	0	268	24	0	0	0	0	0	0	0	0	0	0	0	0	87	0	0	26
18	assemblage-738-152	0	0	0	0	0	0	0	0	0	0	0	0	0	0	0	0	0	0	0	0	0	7	0	0	0	0	0	0	0	0	0	0	0	0	0	0	0	0	0	0	0	4	0	0	0	0	0	0	0	0	0	0	0	0	0	34	0	0	0	0	0	0	0	27	0	0	0	0	395	0	0	0	0	0	0	0	0	0	0	14	0	0	0	0	0	19
18	assemblage-920-647	0	0	0	0	0	0	0	0	0	0	0	0	0	0	0	0	0	0	7	0	0	0	0	0	0	0	0	0	0	0	0	0	0	0	0	0	0	0	0	0	201	0	0	0	0	24	0	0	0	0	0	0	0	0	0	0	0	0	0	0	0	0	0	253	0	0	0	0	0	0	0	0	0	0	0	0	0	0	0	0	0	0	0	0	0	15

19	assemblage-1002-149	0	0	0	0	0	0	0	0	0	0	2	0	0	0	0	0	0	0	0	0	0	12	0	0	0	0	0	0	0	0	0	0	0	0	0	0	0	0	0	0	0	0	0	0	0	0	0	0	0	0	0	0	0	0	5	22	0	0	0	0	0	0	0	13	0	0	0	0	412	0	0	0	0	0	0	0	0	0	0	19	0	0	0	0	0	15
19	assemblage-442-928	0	0	0	0	0	0	14	0	0	0	0	0	12	0	0	0	0	10	0	0	0	0	0	0	0	51	0	0	0	0	0	0	0	0	0	0	0	0	269	0	0	0	0	0	0	0	0	0	0	0	0	0	0	0	0	0	0	0	0	0	0	0	0	56	0	0	0	0	56	0	0	0	0	0	0	0	0	0	0	0	0	0	0	0	0	32
19	assemblage-955-629	0	0	0	0	0	0	0	0	0	0	0	0	0	0	0	0	2	0	0	0	0	0	0	0	0	0	0	0	0	0	0	0	0	0	0	0	0	0	0	0	203	0	0	0	0	24	0	0	0	0	0	0	0	0	0	0	0	0	0	0	0	0	0	251	0	0	0	0	0	0	0	0	0	0	0	0	0	0	0	0	0	0	0	0	0	20

20	assemblage-1002-149	0	0	0	0	0	0	0	0	0	0	2	0	0	0	0	0	0	0	0	0	0	12	0	0	0	0	0	0	0	0	0	0	0	0	0	0	0	0	0	0	0	0	0	0	0	0	0	0	0	0	0	0	0	0	5	22	0	0	0	0	0	0	0	13	0	0	0	0	412	0	0	0	0	0	0	0	0	0	0	19	0	0	0	0	0	15
20	assemblage-920-647	0	0	0	0	0	0	0	0	0	0	0	0	0	0	0	0	0	0	7	0	0	0	0	0	0	0	0	0	0	0	0	0	0	0	0	0	0	0	0	0	201	0	0	0	0	24	0	0	0	0	0	0	0	0	0	0	0	0	0	0	0	0	0	253	0	0	0	0	0	0	0	0	0	0	0	0	0	0	0	0	0	0	0	0	0	15
20	assemblage-955-629	0	0	0	0	0	0	0	0	0	0	0	0	0	0	0	0	2	0	0	0	0	0	0	0	0	0	0	0	0	0	0	0	0	0	0	0	0	0	0	0	203	0	0	0	0	24	0	0	0	0	0	0	0	0	0	0	0	0	0	0	0	0	0	251	0	0	0	0	0	0	0	0	0	0	0	0	0	0	0	0	0	0	0	0	0	20

21	assemblage-1002-149	0	0	0	0	0	0	0	0	0	0	2	0	0	0	0	0	0	0	0	0	0	12	0	0	0	0	0	0	0	0	0	0	0	0	0	0	0	0	0	0	0	0	0	0	0	0	0	0	0	0	0	0	0	0	5	22	0	0	0	0	0	0	0	13	0	0	0	0	412	0	0	0	0	0	0	0	0	0	0	19	0	0	0	0	0	15
21	assemblage-738-152	0	0	0	0	0	0	0	0	0	0	0	0	0	0	0	0	0	0	0	0	0	7	0	0	0	0	0	0	0	0	0	0	0	0	0	0	0	0	0	0	0	4	0	0	0	0	0	0	0	0	0	0	0	0	0	34	0	0	0	0	0	0	0	27	0	0	0	0	395	0	0	0	0	0	0	0	0	0	0	14	0	0	0	0	0	19
21	assemblage-955-629	0	0	0	0	0	0	0	0	0	0	0	0	0	0	0	0	2	0	0	0	0	0	0	0	0	0	0	0	0	0	0	0	0	0	0	0	0	0	0	0	203	0	0	0	0	24	0	0	0	0	0	0	0	0	0	0	0	0	0	0	0	0	0	251	0	0	0	0	0	0	0	0	0	0	0	0	0	0	0	0	0	0	0	0	0	20

22	assemblage-1002-149	0	0	0	0	0	0	0	0	0	0	2	0	0	0	0	0	0	0	0	0	0	12	0	0	0	0	0	0	0	0	0	0	0	0	0	0	0	0	0	0	0	0	0	0	0	0	0	0	0	0	0	0	0	0	5	22	0	0	0	0	0	0	0	13	0	0	0	0	412	0	0	0	0	0	0	0	0	0	0	19	0	0	0	0	0	15
22	assemblage-738-152	0	0	0	0	0	0	0	0	0	0	0	0	0	0	0	0	0	0	0	0	0	7	0	0	0	0	0	0	0	0	0	0	0	0	0	0	0	0	0	0	0	4	0	0	0	0	0	0	0	0	0	0	0	0	0	34	0	0	0	0	0	0	0	27	0	0	0	0	395	0	0	0	0	0	0	0	0	0	0	14	0	0	0	0	0	19
22	assemblage-902-761	0	0	0	0	0	0	0	0	0	0	0	19	0	0	0	0	0	14	0	0	0	0	0	0	0	24	0	0	0	0	10	0	0	0	0	0	0	0	0	0	0	0	0	0	0	0	4	0	0	0	0	0	0	0	0	0	0	0	0	0	0	0	0	7	0	0	0	0	251	32	0	0	0	0	0	0	0	0	0	0	0	0	122	0	0	17

23	assemblage-1002-149	0	0	0	0	0	0	0	0	0	0	2	0	0	0	0	0	0	0	0	0	0	12	0	0	0	0	0	0	0	0	0	0	0	0	0	0	0	0	0	0	0	0	0	0	0	0	0	0	0	0	0	0	0	0	5	22	0	0	0	0	0	0	0	13	0	0	0	0	412	0	0	0	0	0	0	0	0	0	0	19	0	0	0	0	0	15
23	assemblage-738-152	0	0	0	0	0	0	0	0	0	0	0	0	0	0	0	0	0	0	0	0	0	7	0	0	0	0	0	0	0	0	0	0	0	0	0	0	0	0	0	0	0	4	0	0	0	0	0	0	0	0	0	0	0	0	0	34	0	0	0	0	0	0	0	27	0	0	0	0	395	0	0	0	0	0	0	0	0	0	0	14	0	0	0	0	0	19
23	assemblage-920-647	0	0	0	0	0	0	0	0	0	0	0	0	0	0	0	0	0	0	7	0	0	0	0	0	0	0	0	0	0	0	0	0	0	0	0	0	0	0	0	0	201	0	0	0	0	24	0	0	0	0	0	0	0	0	0	0	0	0	0	0	0	0	0	253	0	0	0	0	0	0	0	0	0	0	0	0	0	0	0	0	0	0	0	0	0	15

24	assemblage-1002-149	0	0	0	0	0	0	0	0	0	0	2	0	0	0	0	0	0	0	0	0	0	12	0	0	0	0	0	0	0	0	0	0	0	0	0	0	0	0	0	0	0	0	0	0	0	0	0	0	0	0	0	0	0	0	5	22	0	0	0	0	0	0	0	13	0	0	0	0	412	0	0	0	0	0	0	0	0	0	0	19	0	0	0	0	0	15
24	assemblage-914-777	0	0	0	0	0	0	0	0	0	0	0	19	0	0	0	0	0	25	0	0	0	0	0	0	0	29	0	0	0	0	3	0	0	0	0	0	0	0	0	0	0	0	0	0	0	0	11	0	0	0	0	0	0	0	0	0	0	0	0	0	0	0	0	8	0	0	0	0	268	24	0	0	0	0	0	0	0	0	0	0	0	0	87	0	0	26
24	assemblage-949-751	0	0	0	0	0	0	0	0	0	0	0	0	0	0	0	0	0	0	0	0	0	0	0	0	0	0	0	0	0	0	0	0	0	0	0	0	0	0	0	15	0	0	5	0	0	0	7	0	0	0	0	0	0	11	0	0	0	0	36	0	0	0	0	0	0	0	0	0	159	44	0	0	9	0	0	0	0	0	0	0	0	0	194	0	0	20

25	assemblage-1002-149	0	0	0	0	0	0	0	0	0	0	2	0	0	0	0	0	0	0	0	0	0	12	0	0	0	0	0	0	0	0	0	0	0	0	0	0	0	0	0	0	0	0	0	0	0	0	0	0	0	0	0	0	0	0	5	22	0	0	0	0	0	0	0	13	0	0	0	0	412	0	0	0	0	0	0	0	0	0	0	19	0	0	0	0	0	15
25	assemblage-914-777	0	0	0	0	0	0	0	0	0	0	0	19	0	0	0	0	0	25	0	0	0	0	0	0	0	29	0	0	0	0	3	0	0	0	0	0	0	0	0	0	0	0	0	0	0	0	11	0	0	0	0	0	0	0	0	0	0	0	0	0	0	0	0	8	0	0	0	0	268	24	0	0	0	0	0	0	0	0	0	0	0	0	87	0	0	26
25	assemblage-902-761	0	0	0	0	0	0	0	0	0	0	0	19	0	0	0	0	0	14	0	0	0	0	0	0	0	24	0	0	0	0	10	0	0	0	0	0	0	0	0	0	0	0	0	0	0	0	4	0	0	0	0	0	0	0	0	0	0	0	0	0	0	0	0	7	0	0	0	0	251	32	0	0	0	0	0	0	0	0	0	0	0	0	122	0	0	17

26	assemblage-1002-149	0	0	0	0	0	0	0	0	0	0	2	0	0	0	0	0	0	0	0	0	0	12	0	0	0	0	0	0	0	0	0	0	0	0	0	0	0	0	0	0	0	0	0	0	0	0	0	0	0	0	0	0	0	0	5	22	0	0	0	0	0	0	0	13	0	0	0	0	412	0	0	0	0	0	0	0	0	0	0	19	0	0	0	0	0	15
26	assemblage-914-777	0	0	0	0	0	0	0	0	0	0	0	19	0	0	0	0	0	25	0	0	0	0	0	0	0	29	0	0	0	0	3	0	0	0	0	0	0	0	0	0	0	0	0	0	0	0	11	0	0	0	0	0	0	0	0	0	0	0	0	0	0	0	0	8	0	0	0	0	268	24	0	0	0	0	0	0	0	0	0	0	0	0	87	0	0	26
26	assemblage-863-488	0	0	0	0	0	0	0	0	0	0	0	0	0	64	0	0	0	0	0	0	0	0	0	0	22	0	0	0	0	0	0	0	0	59	0	0	0	0	0	0	0	0	0	0	0	0	0	0	0	0	0	0	0	0	0	0	0	0	0	0	0	0	0	0	0	0	0	0	136	138	0	0	0	0	0	0	41	0	0	0	0	0	16	0	0	24

27	assemblage-145-672	0	0	0	0	0	0	0	0	0	0	0	0	0	0	0	0	0	0	0	0	0	0	0	0	0	0	0	0	0	0	0	0	0	0	0	0	0	0	0	0	0	0	0	0	0	0	0	0	0	0	0	0	0	0	0	0	0	4	0	0	0	0	0	0	0	0	147	0	300	0	0	0	0	0	0	0	0	0	0	11	0	18	0	0	0	20
27	assemblage-949-751	0	0	0	0	0	0	0	0	0	0	0	0	0	0	0	0	0	0	0	0	0	0	0	0	0	0	0	0	0	0	0	0	0	0	0	0	0	0	0	15	0	0	5	0	0	0	7	0	0	0	0	0	0	11	0	0	0	0	36	0	0	0	0	0	0	0	0	0	159	44	0	0	9	0	0	0	0	0	0	0	0	0	194	0	0	20
27	assemblage-955-629	0	0	0	0	0	0	0	0	0	0	0	0	0	0	0	0	2	0	0	0	0	0	0	0	0	0	0	0	0	0	0	0	0	0	0	0	0	0	0	0	203	0	0	0	0	24	0	0	0	0	0	0	0	0	0	0	0	0	0	0	0	0	0	251	0	0	0	0	0	0	0	0	0	0	0	0	0	0	0	0	0	0	0	0	0	20

28	assemblage-145-672	0	0	0	0	0	0	0	0	0	0	0	0	0	0	0	0	0	0	0	0	0	0	0	0	0	0	0	0	0	0	0	0	0	0	0	0	0	0	0	0	0	0	0	0	0	0	0	0	0	0	0	0	0	0	0	0	0	4	0	0	0	0	0	0	0	0	147	0	300	0	0	0	0	0	0	0	0	0	0	11	0	18	0	0	0	20
28	assemblage-442-928	0	0	0	0	0	0	14	0	0	0	0	0	12	0	0	0	0	10	0	0	0	0	0	0	0	51	0	0	0	0	0	0	0	0	0	0	0	0	269	0	0	0	0	0	0	0	0	0	0	0	0	0	0	0	0	0	0	0	0	0	0	0	0	56	0	0	0	0	56	0	0	0	0	0	0	0	0	0	0	0	0	0	0	0	0	32
28	assemblage-955-629	0	0	0	0	0	0	0	0	0	0	0	0	0	0	0	0	2	0	0	0	0	0	0	0	0	0	0	0	0	0	0	0	0	0	0	0	0	0	0	0	203	0	0	0	0	24	0	0	0	0	0	0	0	0	0	0	0	0	0	0	0	0	0	251	0	0	0	0	0	0	0	0	0	0	0	0	0	0	0	0	0	0	0	0	0	20

29	assemblage-145-672	0	0	0	0	0	0	0	0	0	0	0	0	0	0	0	0	0	0	0	0	0	0	0	0	0	0	0	0	0	0	0	0	0	0	0	0	0	0	0	0	0	0	0	0	0	0	0	0	0	0	0	0	0	0	0	0	0	4	0	0	0	0	0	0	0	0	147	0	300	0	0	0	0	0	0	0	0	0	0	11	0	18	0	0	0	20
29	assemblage-863-488	0	0	0	0	0	0	0	0	0	0	0	0	0	64	0	0	0	0	0	0	0	0	0	0	22	0	0	0	0	0	0	0	0	59	0	0	0	0	0	0	0	0	0	0	0	0	0	0	0	0	0	0	0	0	0	0	0	0	0	0	0	0	0	0	0	0	0	0	136	138	0	0	0	0	0	0	41	0	0	0	0	0	16	0	0	24
29	assemblage-955-629	0	0	0	0	0	0	0	0	0	0	0	0	0	0	0	0	2	0	0	0	0	0	0	0	0	0	0	0	0	0	0	0	0	0	0	0	0	0	0	0	203	0	0	0	0	24	0	0	0	0	0	0	0	0	0	0	0	0	0	0	0	0	0	251	0	0	0	0	0	0	0	0	0	0	0	0	0	0	0	0	0	0	0	0	0	20

30	assemblage-145-672	0	0	0	0	0	0	0	0	0	0	0	0	0	0	0	0	0	0	0	0	0	0	0	0	0	0	0	0	0	0	0	0	0	0	0	0	0	0	0	0	0	0	0	0	0	0	0	0	0	0	0	0	0	0	0	0	0	4	0	0	0	0	0	0	0	0	147	0	300	0	0	0	0	0	0	0	0	0	0	11	0	18	0	0	0	20
30	assemblage-863-488	0	0	0	0	0	0	0	0	0	0	0	0	0	64	0	0	0	0	0	0	0	0	0	0	22	0	0	0	0	0	0	0	0	59	0	0	0	0	0	0	0	0	0	0	0	0	0	0	0	0	0	0	0	0	0	0	0	0	0	0	0	0	0	0	0	0	0	0	136	138	0	0	0	0	0	0	41	0	0	0	0	0	16	0	0	24
30	assemblage-920-647	0	0	0	0	0	0	0	0	0	0	0	0	0	0	0	0	0	0	7	0	0	0	0	0	0	0	0	0	0	0	0	0	0	0	0	0	0	0	0	0	201	0	0	0	0	24	0	0	0	0	0	0	0	0	0	0	0	0	0	0	0	0	0	253	0	0	0	0	0	0	0	0	0	0	0	0	0	0	0	0	0	0	0	0	0	15

31	assemblage-145-672	0	0	0	0	0	0	0	0	0	0	0	0	0	0	0	0	0	0	0	0	0	0	0	0	0	0	0	0	0	0	0	0	0	0	0	0	0	0	0	0	0	0	0	0	0	0	0	0	0	0	0	0	0	0	0	0	0	4	0	0	0	0	0	0	0	0	147	0	300	0	0	0	0	0	0	0	0	0	0	11	0	18	0	0	0	20
31	assemblage-423-796	0	0	0	0	0	0	0	0	0	0	0	0	0	0	0	0	0	0	0	0	0	0	0	0	0	0	0	6	0	0	0	0	0	0	0	0	0	0	0	0	0	0	0	0	0	0	0	0	10	0	0	0	0	0	210	0	0	0	0	0	0	0	0	0	0	0	6	0	26	0	0	0	0	0	0	0	0	0	0	220	0	0	0	0	0	22
31	assemblage-955-629	0	0	0	0	0	0	0	0	0	0	0	0	0	0	0	0	2	0	0	0	0	0	0	0	0	0	0	0	0	0	0	0	0	0	0	0	0	0	0	0	203	0	0	0	0	24	0	0	0	0	0	0	0	0	0	0	0	0	0	0	0	0	0	251	0	0	0	0	0	0	0	0	0	0	0	0	0	0	0	0	0	0	0	0	0	20

32	assemblage-145-672	0	0	0	0	0	0	0	0	0	0	0	0	0	0	0	0	0	0	0	0	0	0	0	0	0	0	0	0	0	0	0	0	0	0	0	0	0	0	0	0	0	0	0	0	0	0	0	0	0	0	0	0	0	0	0	0	0	4	0	0	0	0	0	0	0	0	147	0	300	0	0	0	0	0	0	0	0	0	0	11	0	18	0	0	0	20
32	assemblage-423-796	0	0	0	0	0	0	0	0	0	0	0	0	0	0	0	0	0	0	0	0	0	0	0	0	0	0	0	6	0	0	0	0	0	0	0	0	0	0	0	0	0	0	0	0	0	0	0	0	10	0	0	0	0	0	210	0	0	0	0	0	0	0	0	0	0	0	6	0	26	0	0	0	0	0	0	0	0	0	0	220	0	0	0	0	0	22
32	assemblage-920-647	0	0	0	0	0	0	0	0	0	0	0	0	0	0	0	0	0	0	7	0	0	0	0	0	0	0	0	0	0	0	0	0	0	0	0	0	0	0	0	0	201	0	0	0	0	24	0	0	0	0	0	0	0	0	0	0	0	0	0	0	0	0	0	253	0	0	0	0	0	0	0	0	0	0	0	0	0	0	0	0	0	0	0	0	0	15

33	assemblage-145-672	0	0	0	0	0	0	0	0	0	0	0	0	0	0	0	0	0	0	0	0	0	0	0	0	0	0	0	0	0	0	0	0	0	0	0	0	0	0	0	0	0	0	0	0	0	0	0	0	0	0	0	0	0	0	0	0	0	4	0	0	0	0	0	0	0	0	147	0	300	0	0	0	0	0	0	0	0	0	0	11	0	18	0	0	0	20
33	assemblage-738-152	0	0	0	0	0	0	0	0	0	0	0	0	0	0	0	0	0	0	0	0	0	7	0	0	0	0	0	0	0	0	0	0	0	0	0	0	0	0	0	0	0	4	0	0	0	0	0	0	0	0	0	0	0	0	0	34	0	0	0	0	0	0	0	27	0	0	0	0	395	0	0	0	0	0	0	0	0	0	0	14	0	0	0	0	0	19
33	assemblage-955-629	0	0	0	0	0	0	0	0	0	0	0	0	0	0	0	0	2	0	0	0	0	0	0	0	0	0	0	0	0	0	0	0	0	0	0	0	0	0	0	0	203	0	0	0	0	24	0	0	0	0	0	0	0	0	0	0	0	0	0	0	0	0	0	251	0	0	0	0	0	0	0	0	0	0	0	0	0	0	0	0	0	0	0	0	0	20

34	assemblage-145-672	0	0	0	0	0	0	0	0	0	0	0	0	0	0	0	0	0	0	0	0	0	0	0	0	0	0	0	0	0	0	0	0	0	0	0	0	0	0	0	0	0	0	0	0	0	0	0	0	0	0	0	0	0	0	0	0	0	4	0	0	0	0	0	0	0	0	147	0	300	0	0	0	0	0	0	0	0	0	0	11	0	18	0	0	0	20
34	assemblage-738-152	0	0	0	0	0	0	0	0	0	0	0	0	0	0	0	0	0	0	0	0	0	7	0	0	0	0	0	0	0	0	0	0	0	0	0	0	0	0	0	0	0	4	0	0	0	0	0	0	0	0	0	0	0	0	0	34	0	0	0	0	0	0	0	27	0	0	0	0	395	0	0	0	0	0	0	0	0	0	0	14	0	0	0	0	0	19
34	assemblage-902-761	0	0	0	0	0	0	0	0	0	0	0	19	0	0	0	0	0	14	0	0	0	0	0	0	0	24	0	0	0	0	10	0	0	0	0	0	0	0	0	0	0	0	0	0	0	0	4	0	0	0	0	0	0	0	0	0	0	0	0	0	0	0	0	7	0	0	0	0	251	32	0	0	0	0	0	0	0	0	0	0	0	0	122	0	0	17

35	assemblage-145-672	0	0	0	0	0	0	0	0	0	0	0	0	0	0	0	0	0	0	0	0	0	0	0	0	0	0	0	0	0	0	0	0	0	0	0	0	0	0	0	0	0	0	0	0	0	0	0	0	0	0	0	0	0	0	0	0	0	4	0	0	0	0	0	0	0	0	147	0	300	0	0	0	0	0	0	0	0	0	0	11	0	18	0	0	0	20
35	assemblage-738-152	0	0	0	0	0	0	0	0	0	0	0	0	0	0	0	0	0	0	0	0	0	7	0	0	0	0	0	0	0	0	0	0	0	0	0	0	0	0	0	0	0	4	0	0	0	0	0	0	0	0	0	0	0	0	0	34	0	0	0	0	0	0	0	27	0	0	0	0	395	0	0	0	0	0	0	0	0	0	0	14	0	0	0	0	0	19
35	assemblage-920-647	0	0	0	0	0	0	0	0	0	0	0	0	0	0	0	0	0	0	7	0	0	0	0	0	0	0	0	0	0	0	0	0	0	0	0	0	0	0	0	0	201	0	0	0	0	24	0	0	0	0	0	0	0	0	0	0	0	0	0	0	0	0	0	253	0	0	0	0	0	0	0	0	0	0	0	0	0	0	0	0	0	0	0	0	0	15

36	assemblage-145-672	0	0	0	0	0	0	0	0	0	0	0	0	0	0	0	0	0	0	0	0	0	0	0	0	0	0	0	0	0	0	0	0	0	0	0	0	0	0	0	0	0	0	0	0	0	0	0	0	0	0	0	0	0	0	0	0	0	4	0	0	0	0	0	0	0	0	147	0	300	0	0	0	0	0	0	0	0	0	0	11	0	18	0	0	0	20
36	assemblage-914-777	0	0	0	0	0	0	0	0	0	0	0	19	0	0	0	0	0	25	0	0	0	0	0	0	0	29	0	0	0	0	3	0	0	0	0	0	0	0	0	0	0	0	0	0	0	0	11	0	0	0	0	0	0	0	0	0	0	0	0	0	0	0	0	8	0	0	0	0	268	24	0	0	0	0	0	0	0	0	0	0	0	0	87	0	0	26
36	assemblage-955-629	0	0	0	0	0	0	0	0	0	0	0	0	0	0	0	0	2	0	0	0	0	0	0	0	0	0	0	0	0	0	0	0	0	0	0	0	0	0	0	0	203	0	0	0	0	24	0	0	0	0	0	0	0	0	0	0	0	0	0	0	0	0	0	251	0	0	0	0	0	0	0	0	0	0	0	0	0	0	0	0	0	0	0	0	0	20

37	assemblage-145-672	0	0	0	0	0	0	0	0	0	0	0	0	0	0	0	0	0	0	0	0	0	0	0	0	0	0	0	0	0	0	0	0	0	0	0	0	0	0	0	0	0	0	0	0	0	0	0	0	0	0	0	0	0	0	0	0	0	4	0	0	0	0	0	0	0	0	147	0	300	0	0	0	0	0	0	0	0	0	0	11	0	18	0	0	0	20
37	assemblage-914-777	0	0	0	0	0	0	0	0	0	0	0	19	0	0	0	0	0	25	0	0	0	0	0	0	0	29	0	0	0	0	3	0	0	0	0	0	0	0	0	0	0	0	0	0	0	0	11	0	0	0	0	0	0	0	0	0	0	0	0	0	0	0	0	8	0	0	0	0	268	24	0	0	0	0	0	0	0	0	0	0	0	0	87	0	0	26
37	assemblage-949-751	0	0	0	0	0	0	0	0	0	0	0	0	0	0	0	0	0	0	0	0	0	0	0	0	0	0	0	0	0	0	0	0	0	0	0	0	0	0	0	15	0	0	5	0	0	0	7	0	0	0	0	0	0	11	0	0	0	0	36	0	0	0	0	0	0	0	0	0	159	44	0	0	9	0	0	0	0	0	0	0	0	0	194	0	0	20

38	assemblage-145-672	0	0	0	0	0	0	0	0	0	0	0	0	0	0	0	0	0	0	0	0	0	0	0	0	0	0	0	0	0	0	0	0	0	0	0	0	0	0	0	0	0	0	0	0	0	0	0	0	0	0	0	0	0	0	0	0	0	4	0	0	0	0	0	0	0	0	147	0	300	0	0	0	0	0	0	0	0	0	0	11	0	18	0	0	0	20
38	assemblage-914-777	0	0	0	0	0	0	0	0	0	0	0	19	0	0	0	0	0	25	0	0	0	0	0	0	0	29	0	0	0	0	3	0	0	0	0	0	0	0	0	0	0	0	0	0	0	0	11	0	0	0	0	0	0	0	0	0	0	0	0	0	0	0	0	8	0	0	0	0	268	24	0	0	0	0	0	0	0	0	0	0	0	0	87	0	0	26
38	assemblage-902-761	0	0	0	0	0	0	0	0	0	0	0	19	0	0	0	0	0	14	0	0	0	0	0	0	0	24	0	0	0	0	10	0	0	0	0	0	0	0	0	0	0	0	0	0	0	0	4	0	0	0	0	0	0	0	0	0	0	0	0	0	0	0	0	7	0	0	0	0	251	32	0	0	0	0	0	0	0	0	0	0	0	0	122	0	0	17

39	assemblage-145-672	0	0	0	0	0	0	0	0	0	0	0	0	0	0	0	0	0	0	0	0	0	0	0	0	0	0	0	0	0	0	0	0	0	0	0	0	0	0	0	0	0	0	0	0	0	0	0	0	0	0	0	0	0	0	0	0	0	4	0	0	0	0	0	0	0	0	147	0	300	0	0	0	0	0	0	0	0	0	0	11	0	18	0	0	0	20
39	assemblage-914-777	0	0	0	0	0	0	0	0	0	0	0	19	0	0	0	0	0	25	0	0	0	0	0	0	0	29	0	0	0	0	3	0	0	0	0	0	0	0	0	0	0	0	0	0	0	0	11	0	0	0	0	0	0	0	0	0	0	0	0	0	0	0	0	8	0	0	0	0	268	24	0	0	0	0	0	0	0	0	0	0	0	0	87	0	0	26
39	assemblage-920-647	0	0	0	0	0	0	0	0	0	0	0	0	0	0	0	0	0	0	7	0	0	0	0	0	0	0	0	0	0	0	0	0	0	0	0	0	0	0	0	0	201	0	0	0	0	24	0	0	0	0	0	0	0	0	0	0	0	0	0	0	0	0	0	253	0	0	0	0	0	0	0	0	0	0	0	0	0	0	0	0	0	0	0	0	0	15

40	assemblage-145-672	0	0	0	0	0	0	0	0	0	0	0	0	0	0	0	0	0	0	0	0	0	0	0	0	0	0	0	0	0	0	0	0	0	0	0	0	0	0	0	0	0	0	0	0	0	0	0	0	0	0	0	0	0	0	0	0	0	4	0	0	0	0	0	0	0	0	147	0	300	0	0	0	0	0	0	0	0	0	0	11	0	18	0	0	0	20
40	assemblage-914-777	0	0	0	0	0	0	0	0	0	0	0	19	0	0	0	0	0	25	0	0	0	0	0	0	0	29	0	0	0	0	3	0	0	0	0	0	0	0	0	0	0	0	0	0	0	0	11	0	0	0	0	0	0	0	0	0	0	0	0	0	0	0	0	8	0	0	0	0	268	24	0	0	0	0	0	0	0	0	0	0	0	0	87	0	0	26
40	assemblage-863-488	0	0	0	0	0	0	0	0	0	0	0	0	0	64	0	0	0	0	0	0	0	0	0	0	22	0	0	0	0	0	0	0	0	59	0	0	0	0	0	0	0	0	0	0	0	0	0	0	0	0	0	0	0	0	0	0	0	0	0	0	0	0	0	0	0	0	0	0	136	138	0	0	0	0	0	0	41	0	0	0	0	0	16	0	0	24

41	assemblage-145-672	0	0	0	0	0	0	0	0	0	0	0	0	0	0	0	0	0	0	0	0	0	0	0	0	0	0	0	0	0	0	0	0	0	0	0	0	0	0	0	0	0	0	0	0	0	0	0	0	0	0	0	0	0	0	0	0	0	4	0	0	0	0	0	0	0	0	147	0	300	0	0	0	0	0	0	0	0	0	0	11	0	18	0	0	0	20
41	assemblage-914-777	0	0	0	0	0	0	0	0	0	0	0	19	0	0	0	0	0	25	0	0	0	0	0	0	0	29	0	0	0	0	3	0	0	0	0	0	0	0	0	0	0	0	0	0	0	0	11	0	0	0	0	0	0	0	0	0	0	0	0	0	0	0	0	8	0	0	0	0	268	24	0	0	0	0	0	0	0	0	0	0	0	0	87	0	0	26
41	assemblage-629-202	0	0	0	0	0	0	0	0	0	0	0	0	0	0	0	0	0	213	0	0	0	0	0	0	0	0	0	0	0	0	0	0	0	0	0	0	0	0	0	0	0	0	0	23	0	0	0	0	0	0	0	0	0	0	46	0	0	0	0	0	0	0	0	182	0	0	0	0	19	6	0	0	0	0	0	0	0	0	0	0	0	0	0	0	0	11

42	assemblage-145-672	0	0	0	0	0	0	0	0	0	0	0	0	0	0	0	0	0	0	0	0	0	0	0	0	0	0	0	0	0	0	0	0	0	0	0	0	0	0	0	0	0	0	0	0	0	0	0	0	0	0	0	0	0	0	0	0	0	4	0	0	0	0	0	0	0	0	147	0	300	0	0	0	0	0	0	0	0	0	0	11	0	18	0	0	0	20
42	assemblage-1002-149	0	0	0	0	0	0	0	0	0	0	2	0	0	0	0	0	0	0	0	0	0	12	0	0	0	0	0	0	0	0	0	0	0	0	0	0	0	0	0	0	0	0	0	0	0	0	0	0	0	0	0	0	0	0	5	22	0	0	0	0	0	0	0	13	0	0	0	0	412	0	0	0	0	0	0	0	0	0	0	19	0	0	0	0	0	15
42	assemblage-920-647	0	0	0	0	0	0	0	0	0	0	0	0	0	0	0	0	0	0	7	0	0	0	0	0	0	0	0	0	0	0	0	0	0	0	0	0	0	0	0	0	201	0	0	0	0	24	0	0	0	0	0	0	0	0	0	0	0	0	0	0	0	0	0	253	0	0	0	0	0	0	0	0	0	0	0	0	0	0	0	0	0	0	0	0	0	15

43	assemblage-145-672	0	0	0	0	0	0	0	0	0	0	0	0	0	0	0	0	0	0	0	0	0	0	0	0	0	0	0	0	0	0	0	0	0	0	0	0	0	0	0	0	0	0	0	0	0	0	0	0	0	0	0	0	0	0	0	0	0	4	0	0	0	0	0	0	0	0	147	0	300	0	0	0	0	0	0	0	0	0	0	11	0	18	0	0	0	20
43	assemblage-1002-149	0	0	0	0	0	0	0	0	0	0	2	0	0	0	0	0	0	0	0	0	0	12	0	0	0	0	0	0	0	0	0	0	0	0	0	0	0	0	0	0	0	0	0	0	0	0	0	0	0	0	0	0	0	0	5	22	0	0	0	0	0	0	0	13	0	0	0	0	412	0	0	0	0	0	0	0	0	0	0	19	0	0	0	0	0	15
43	assemblage-629-202	0	0	0	0	0	0	0	0	0	0	0	0	0	0	0	0	0	213	0	0	0	0	0	0	0	0	0	0	0	0	0	0	0	0	0	0	0	0	0	0	0	0	0	23	0	0	0	0	0	0	0	0	0	0	46	0	0	0	0	0	0	0	0	182	0	0	0	0	19	6	0	0	0	0	0	0	0	0	0	0	0	0	0	0	0	11

44	assemblage-723-168	0	0	0	0	0	0	0	0	0	0	3	0	0	0	0	0	0	0	0	0	0	6	0	0	0	0	0	0	0	0	0	0	0	0	0	0	0	0	0	0	0	0	0	0	0	0	0	0	0	0	0	0	0	0	3	24	0	0	0	0	0	0	0	14	0	0	0	0	395	0	0	0	0	0	0	0	0	0	0	20	0	0	0	0	0	35
44	assemblage-442-928	0	0	0	0	0	0	14	0	0	0	0	0	12	0	0	0	0	10	0	0	0	0	0	0	0	51	0	0	0	0	0	0	0	0	0	0	0	0	269	0	0	0	0	0	0	0	0	0	0	0	0	0	0	0	0	0	0	0	0	0	0	0	0	56	0	0	0	0	56	0	0	0	0	0	0	0	0	0	0	0	0	0	0	0	0	32
44	assemblage-955-629	0	0	0	0	0	0	0	0	0	0	0	0	0	0	0	0	2	0	0	0	0	0	0	0	0	0	0	0	0	0	0	0	0	0	0	0	0	0	0	0	203	0	0	0	0	24	0	0	0	0	0	0	0	0	0	0	0	0	0	0	0	0	0	251	0	0	0	0	0	0	0	0	0	0	0	0	0	0	0	0	0	0	0	0	0	20

45	assemblage-723-168	0	0	0	0	0	0	0	0	0	0	3	0	0	0	0	0	0	0	0	0	0	6	0	0	0	0	0	0	0	0	0	0	0	0	0	0	0	0	0	0	0	0	0	0	0	0	0	0	0	0	0	0	0	0	3	24	0	0	0	0	0	0	0	14	0	0	0	0	395	0	0	0	0	0	0	0	0	0	0	20	0	0	0	0	0	35
45	assemblage-738-152	0	0	0	0	0	0	0	0	0	0	0	0	0	0	0	0	0	0	0	0	0	7	0	0	0	0	0	0	0	0	0	0	0	0	0	0	0	0	0	0	0	4	0	0	0	0	0	0	0	0	0	0	0	0	0	34	0	0	0	0	0	0	0	27	0	0	0	0	395	0	0	0	0	0	0	0	0	0	0	14	0	0	0	0	0	19
45	assemblage-955-629	0	0	0	0	0	0	0	0	0	0	0	0	0	0	0	0	2	0	0	0	0	0	0	0	0	0	0	0	0	0	0	0	0	0	0	0	0	0	0	0	203	0	0	0	0	24	0	0	0	0	0	0	0	0	0	0	0	0	0	0	0	0	0	251	0	0	0	0	0	0	0	0	0	0	0	0	0	0	0	0	0	0	0	0	0	20

46	assemblage-723-168	0	0	0	0	0	0	0	0	0	0	3	0	0	0	0	0	0	0	0	0	0	6	0	0	0	0	0	0	0	0	0	0	0	0	0	0	0	0	0	0	0	0	0	0	0	0	0	0	0	0	0	0	0	0	3	24	0	0	0	0	0	0	0	14	0	0	0	0	395	0	0	0	0	0	0	0	0	0	0	20	0	0	0	0	0	35
46	assemblage-738-152	0	0	0	0	0	0	0	0	0	0	0	0	0	0	0	0	0	0	0	0	0	7	0	0	0	0	0	0	0	0	0	0	0	0	0	0	0	0	0	0	0	4	0	0	0	0	0	0	0	0	0	0	0	0	0	34	0	0	0	0	0	0	0	27	0	0	0	0	395	0	0	0	0	0	0	0	0	0	0	14	0	0	0	0	0	19
46	assemblage-902-761	0	0	0	0	0	0	0	0	0	0	0	19	0	0	0	0	0	14	0	0	0	0	0	0	0	24	0	0	0	0	10	0	0	0	0	0	0	0	0	0	0	0	0	0	0	0	4	0	0	0	0	0	0	0	0	0	0	0	0	0	0	0	0	7	0	0	0	0	251	32	0	0	0	0	0	0	0	0	0	0	0	0	122	0	0	17

47	assemblage-723-168	0	0	0	0	0	0	0	0	0	0	3	0	0	0	0	0	0	0	0	0	0	6	0	0	0	0	0	0	0	0	0	0	0	0	0	0	0	0	0	0	0	0	0	0	0	0	0	0	0	0	0	0	0	0	3	24	0	0	0	0	0	0	0	14	0	0	0	0	395	0	0	0	0	0	0	0	0	0	0	20	0	0	0	0	0	35
47	assemblage-738-152	0	0	0	0	0	0	0	0	0	0	0	0	0	0	0	0	0	0	0	0	0	7	0	0	0	0	0	0	0	0	0	0	0	0	0	0	0	0	0	0	0	4	0	0	0	0	0	0	0	0	0	0	0	0	0	34	0	0	0	0	0	0	0	27	0	0	0	0	395	0	0	0	0	0	0	0	0	0	0	14	0	0	0	0	0	19
47	assemblage-920-647	0	0	0	0	0	0	0	0	0	0	0	0	0	0	0	0	0	0	7	0	0	0	0	0	0	0	0	0	0	0	0	0	0	0	0	0	0	0	0	0	201	0	0	0	0	24	0	0	0	0	0	0	0	0	0	0	0	0	0	0	0	0	0	253	0	0	0	0	0	0	0	0	0	0	0	0	0	0	0	0	0	0	0	0	0	15

48	assemblage-723-168	0	0	0	0	0	0	0	0	0	0	3	0	0	0	0	0	0	0	0	0	0	6	0	0	0	0	0	0	0	0	0	0	0	0	0	0	0	0	0	0	0	0	0	0	0	0	0	0	0	0	0	0	0	0	3	24	0	0	0	0	0	0	0	14	0	0	0	0	395	0	0	0	0	0	0	0	0	0	0	20	0	0	0	0	0	35
48	assemblage-914-777	0	0	0	0	0	0	0	0	0	0	0	19	0	0	0	0	0	25	0	0	0	0	0	0	0	29	0	0	0	0	3	0	0	0	0	0	0	0	0	0	0	0	0	0	0	0	11	0	0	0	0	0	0	0	0	0	0	0	0	0	0	0	0	8	0	0	0	0	268	24	0	0	0	0	0	0	0	0	0	0	0	0	87	0	0	26
48	assemblage-949-751	0	0	0	0	0	0	0	0	0	0	0	0	0	0	0	0	0	0	0	0	0	0	0	0	0	0	0	0	0	0	0	0	0	0	0	0	0	0	0	15	0	0	5	0	0	0	7	0	0	0	0	0	0	11	0	0	0	0	36	0	0	0	0	0	0	0	0	0	159	44	0	0	9	0	0	0	0	0	0	0	0	0	194	0	0	20

49	assemblage-723-168	0	0	0	0	0	0	0	0	0	0	3	0	0	0	0	0	0	0	0	0	0	6	0	0	0	0	0	0	0	0	0	0	0	0	0	0	0	0	0	0	0	0	0	0	0	0	0	0	0	0	0	0	0	0	3	24	0	0	0	0	0	0	0	14	0	0	0	0	395	0	0	0	0	0	0	0	0	0	0	20	0	0	0	0	0	35
49	assemblage-914-777	0	0	0	0	0	0	0	0	0	0	0	19	0	0	0	0	0	25	0	0	0	0	0	0	0	29	0	0	0	0	3	0	0	0	0	0	0	0	0	0	0	0	0	0	0	0	11	0	0	0	0	0	0	0	0	0	0	0	0	0	0	0	0	8	0	0	0	0	268	24	0	0	0	0	0	0	0	0	0	0	0	0	87	0	0	26
49	assemblage-902-761	0	0	0	0	0	0	0	0	0	0	0	19	0	0	0	0	0	14	0	0	0	0	0	0	0	24	0	0	0	0	10	0	0	0	0	0	0	0	0	0	0	0	0	0	0	0	4	0	0	0	0	0	0	0	0	0	0	0	0	0	0	0	0	7	0	0	0	0	251	32	0	0	0	0	0	0	0	0	0	0	0	0	122	0	0	17

50	assemblage-723-168	0	0	0	0	0	0	0	0	0	0	3	0	0	0	0	0	0	0	0	0	0	6	0	0	0	0	0	0	0	0	0	0	0	0	0	0	0	0	0	0	0	0	0	0	0	0	0	0	0	0	0	0	0	0	3	24	0	0	0	0	0	0	0	14	0	0	0	0	395	0	0	0	0	0	0	0	0	0	0	20	0	0	0	0	0	35
50	assemblage-914-777	0	0	0	0	0	0	0	0	0	0	0	19	0	0	0	0	0	25	0	0	0	0	0	0	0	29	0	0	0	0	3	0	0	0	0	0	0	0	0	0	0	0	0	0	0	0	11	0	0	0	0	0	0	0	0	0	0	0	0	0	0	0	0	8	0	0	0	0	268	24	0	0	0	0	0	0	0	0	0	0	0	0	87	0	0	26
50	assemblage-863-488	0	0	0	0	0	0	0	0	0	0	0	0	0	64	0	0	0	0	0	0	0	0	0	0	22	0	0	0	0	0	0	0	0	59	0	0	0	0	0	0	0	0	0	0	0	0	0	0	0	0	0	0	0	0	0	0	0	0	0	0	0	0	0	0	0	0	0	0	136	138	0	0	0	0	0	0	41	0	0	0	0	0	16	0	0	24

51	assemblage-723-168	0	0	0	0	0	0	0	0	0	0	3	0	0	0	0	0	0	0	0	0	0	6	0	0	0	0	0	0	0	0	0	0	0	0	0	0	0	0	0	0	0	0	0	0	0	0	0	0	0	0	0	0	0	0	3	24	0	0	0	0	0	0	0	14	0	0	0	0	395	0	0	0	0	0	0	0	0	0	0	20	0	0	0	0	0	35
51	assemblage-1002-149	0	0	0	0	0	0	0	0	0	0	2	0	0	0	0	0	0	0	0	0	0	12	0	0	0	0	0	0	0	0	0	0	0	0	0	0	0	0	0	0	0	0	0	0	0	0	0	0	0	0	0	0	0	0	5	22	0	0	0	0	0	0	0	13	0	0	0	0	412	0	0	0	0	0	0	0	0	0	0	19	0	0	0	0	0	15
51	assemblage-920-647	0	0	0	0	0	0	0	0	0	0	0	0	0	0	0	0	0	0	7	0	0	0	0	0	0	0	0	0	0	0	0	0	0	0	0	0	0	0	0	0	201	0	0	0	0	24	0	0	0	0	0	0	0	0	0	0	0	0	0	0	0	0	0	253	0	0	0	0	0	0	0	0	0	0	0	0	0	0	0	0	0	0	0	0	0	15

52	assemblage-723-168	0	0	0	0	0	0	0	0	0	0	3	0	0	0	0	0	0	0	0	0	0	6	0	0	0	0	0	0	0	0	0	0	0	0	0	0	0	0	0	0	0	0	0	0	0	0	0	0	0	0	0	0	0	0	3	24	0	0	0	0	0	0	0	14	0	0	0	0	395	0	0	0	0	0	0	0	0	0	0	20	0	0	0	0	0	35
52	assemblage-1002-149	0	0	0	0	0	0	0	0	0	0	2	0	0	0	0	0	0	0	0	0	0	12	0	0	0	0	0	0	0	0	0	0	0	0	0	0	0	0	0	0	0	0	0	0	0	0	0	0	0	0	0	0	0	0	5	22	0	0	0	0	0	0	0	13	0	0	0	0	412	0	0	0	0	0	0	0	0	0	0	19	0	0	0	0	0	15
52	assemblage-629-202	0	0	0	0	0	0	0	0	0	0	0	0	0	0	0	0	0	213	0	0	0	0	0	0	0	0	0	0	0	0	0	0	0	0	0	0	0	0	0	0	0	0	0	23	0	0	0	0	0	0	0	0	0	0	46	0	0	0	0	0	0	0	0	182	0	0	0	0	19	6	0	0	0	0	0	0	0	0	0	0	0	0	0	0	0	11

53	assemblage-723-168	0	0	0	0	0	0	0	0	0	0	3	0	0	0	0	0	0	0	0	0	0	6	0	0	0	0	0	0	0	0	0	0	0	0	0	0	0	0	0	0	0	0	0	0	0	0	0	0	0	0	0	0	0	0	3	24	0	0	0	0	0	0	0	14	0	0	0	0	395	0	0	0	0	0	0	0	0	0	0	20	0	0	0	0	0	35
53	assemblage-145-672	0	0	0	0	0	0	0	0	0	0	0	0	0	0	0	0	0	0	0	0	0	0	0	0	0	0	0	0	0	0	0	0	0	0	0	0	0	0	0	0	0	0	0	0	0	0	0	0	0	0	0	0	0	0	0	0	0	4	0	0	0	0	0	0	0	0	147	0	300	0	0	0	0	0	0	0	0	0	0	11	0	18	0	0	0	20
53	assemblage-949-751	0	0	0	0	0	0	0	0	0	0	0	0	0	0	0	0	0	0	0	0	0	0	0	0	0	0	0	0	0	0	0	0	0	0	0	0	0	0	0	15	0	0	5	0	0	0	7	0	0	0	0	0	0	11	0	0	0	0	36	0	0	0	0	0	0	0	0	0	159	44	0	0	9	0	0	0	0	0	0	0	0	0	194	0	0	20

54	assemblage-297-490	0	0	0	0	0	0	0	0	0	0	0	0	0	0	0	0	0	0	0	0	0	0	0	6	0	0	0	0	0	0	0	0	0	0	0	0	0	0	8	0	0	0	0	0	0	0	127	0	0	0	0	0	0	0	0	0	0	0	0	0	0	0	0	0	0	0	0	0	198	28	0	0	0	0	0	0	0	0	0	0	112	0	0	0	0	21
54	assemblage-949-751	0	0	0	0	0	0	0	0	0	0	0	0	0	0	0	0	0	0	0	0	0	0	0	0	0	0	0	0	0	0	0	0	0	0	0	0	0	0	0	15	0	0	5	0	0	0	7	0	0	0	0	0	0	11	0	0	0	0	36	0	0	0	0	0	0	0	0	0	159	44	0	0	9	0	0	0	0	0	0	0	0	0	194	0	0	20
54	assemblage-955-629	0	0	0	0	0	0	0	0	0	0	0	0	0	0	0	0	2	0	0	0	0	0	0	0	0	0	0	0	0	0	0	0	0	0	0	0	0	0	0	0	203	0	0	0	0	24	0	0	0	0	0	0	0	0	0	0	0	0	0	0	0	0	0	251	0	0	0	0	0	0	0	0	0	0	0	0	0	0	0	0	0	0	0	0	0	20

55	assemblage-297-490	0	0	0	0	0	0	0	0	0	0	0	0	0	0	0	0	0	0	0	0	0	0	0	6	0	0	0	0	0	0	0	0	0	0	0	0	0	0	8	0	0	0	0	0	0	0	127	0	0	0	0	0	0	0	0	0	0	0	0	0	0	0	0	0	0	0	0	0	198	28	0	0	0	0	0	0	0	0	0	0	112	0	0	0	0	21
55	assemblage-442-928	0	0	0	0	0	0	14	0	0	0	0	0	12	0	0	0	0	10	0	0	0	0	0	0	0	51	0	0	0	0	0	0	0	0	0	0	0	0	269	0	0	0	0	0	0	0	0	0	0	0	0	0	0	0	0	0	0	0	0	0	0	0	0	56	0	0	0	0	56	0	0	0	0	0	0	0	0	0	0	0	0	0	0	0	0	32
55	assemblage-955-629	0	0	0	0	0	0	0	0	0	0	0	0	0	0	0	0	2	0	0	0	0	0	0	0	0	0	0	0	0	0	0	0	0	0	0	0	0	0	0	0	203	0	0	0	0	24	0	0	0	0	0	0	0	0	0	0	0	0	0	0	0	0	0	251	0	0	0	0	0	0	0	0	0	0	0	0	0	0	0	0	0	0	0	0	0	20

56	assemblage-297-490	0	0	0	0	0	0	0	0	0	0	0	0	0	0	0	0	0	0	0	0	0	0	0	6	0	0	0	0	0	0	0	0	0	0	0	0	0	0	8	0	0	0	0	0	0	0	127	0	0	0	0	0	0	0	0	0	0	0	0	0	0	0	0	0	0	0	0	0	198	28	0	0	0	0	0	0	0	0	0	0	112	0	0	0	0	21
56	assemblage-863-488	0	0	0	0	0	0	0	0	0	0	0	0	0	64	0	0	0	0	0	0	0	0	0	0	22	0	0	0	0	0	0	0	0	59	0	0	0	0	0	0	0	0	0	0	0	0	0	0	0	0	0	0	0	0	0	0	0	0	0	0	0	0	0	0	0	0	0	0	136	138	0	0	0	0	0	0	41	0	0	0	0	0	16	0	0	24
56	assemblage-955-629	0	0	0	0	0	0	0	0	0	0	0	0	0	0	0	0	2	0	0	0	0	0	0	0	0	0	0	0	0	0	0	0	0	0	0	0	0	0	0	0	203	0	0	0	0	24	0	0	0	0	0	0	0	0	0	0	0	0	0	0	0	0	0	251	0	0	0	0	0	0	0	0	0	0	0	0	0	0	0	0	0	0	0	0	0	20

57	assemblage-297-490	0	0	0	0	0	0	0	0	0	0	0	0	0	0	0	0	0	0	0	0	0	0	0	6	0	0	0	0	0	0	0	0	0	0	0	0	0	0	8	0	0	0	0	0	0	0	127	0	0	0	0	0	0	0	0	0	0	0	0	0	0	0	0	0	0	0	0	0	198	28	0	0	0	0	0	0	0	0	0	0	112	0	0	0	0	21
57	assemblage-863-488	0	0	0	0	0	0	0	0	0	0	0	0	0	64	0	0	0	0	0	0	0	0	0	0	22	0	0	0	0	0	0	0	0	59	0	0	0	0	0	0	0	0	0	0	0	0	0	0	0	0	0	0	0	0	0	0	0	0	0	0	0	0	0	0	0	0	0	0	136	138	0	0	0	0	0	0	41	0	0	0	0	0	16	0	0	24
57	assemblage-920-647	0	0	0	0	0	0	0	0	0	0	0	0	0	0	0	0	0	0	7	0	0	0	0	0	0	0	0	0	0	0	0	0	0	0	0	0	0	0	0	0	201	0	0	0	0	24	0	0	0	0	0	0	0	0	0	0	0	0	0	0	0	0	0	253	0	0	0	0	0	0	0	0	0	0	0	0	0	0	0	0	0	0	0	0	0	15

58	assemblage-297-490	0	0	0	0	0	0	0	0	0	0	0	0	0	0	0	0	0	0	0	0	0	0	0	6	0	0	0	0	0	0	0	0	0	0	0	0	0	0	8	0	0	0	0	0	0	0	127	0	0	0	0	0	0	0	0	0	0	0	0	0	0	0	0	0	0	0	0	0	198	28	0	0	0	0	0	0	0	0	0	0	112	0	0	0	0	21
58	assemblage-423-796	0	0	0	0	0	0	0	0	0	0	0	0	0	0	0	0	0	0	0	0	0	0	0	0	0	0	0	6	0	0	0	0	0	0	0	0	0	0	0	0	0	0	0	0	0	0	0	0	10	0	0	0	0	0	210	0	0	0	0	0	0	0	0	0	0	0	6	0	26	0	0	0	0	0	0	0	0	0	0	220	0	0	0	0	0	22
58	assemblage-955-629	0	0	0	0	0	0	0	0	0	0	0	0	0	0	0	0	2	0	0	0	0	0	0	0	0	0	0	0	0	0	0	0	0	0	0	0	0	0	0	0	203	0	0	0	0	24	0	0	0	0	0	0	0	0	0	0	0	0	0	0	0	0	0	251	0	0	0	0	0	0	0	0	0	0	0	0	0	0	0	0	0	0	0	0	0	20

59	assemblage-297-490	0	0	0	0	0	0	0	0	0	0	0	0	0	0	0	0	0	0	0	0	0	0	0	6	0	0	0	0	0	0	0	0	0	0	0	0	0	0	8	0	0	0	0	0	0	0	127	0	0	0	0	0	0	0	0	0	0	0	0	0	0	0	0	0	0	0	0	0	198	28	0	0	0	0	0	0	0	0	0	0	112	0	0	0	0	21
59	assemblage-423-796	0	0	0	0	0	0	0	0	0	0	0	0	0	0	0	0	0	0	0	0	0	0	0	0	0	0	0	6	0	0	0	0	0	0	0	0	0	0	0	0	0	0	0	0	0	0	0	0	10	0	0	0	0	0	210	0	0	0	0	0	0	0	0	0	0	0	6	0	26	0	0	0	0	0	0	0	0	0	0	220	0	0	0	0	0	22
59	assemblage-920-647	0	0	0	0	0	0	0	0	0	0	0	0	0	0	0	0	0	0	7	0	0	0	0	0	0	0	0	0	0	0	0	0	0	0	0	0	0	0	0	0	201	0	0	0	0	24	0	0	0	0	0	0	0	0	0	0	0	0	0	0	0	0	0	253	0	0	0	0	0	0	0	0	0	0	0	0	0	0	0	0	0	0	0	0	0	15

60	assemblage-297-490	0	0	0	0	0	0	0	0	0	0	0	0	0	0	0	0	0	0	0	0	0	0	0	6	0	0	0	0	0	0	0	0	0	0	0	0	0	0	8	0	0	0	0	0	0	0	127	0	0	0	0	0	0	0	0	0	0	0	0	0	0	0	0	0	0	0	0	0	198	28	0	0	0	0	0	0	0	0	0	0	112	0	0	0	0	21
60	assemblage-738-152	0	0	0	0	0	0	0	0	0	0	0	0	0	0	0	0	0	0	0	0	0	7	0	0	0	0	0	0	0	0	0	0	0	0	0	0	0	0	0	0	0	4	0	0	0	0	0	0	0	0	0	0	0	0	0	34	0	0	0	0	0	0	0	27	0	0	0	0	395	0	0	0	0	0	0	0	0	0	0	14	0	0	0	0	0	19
60	assemblage-955-629	0	0	0	0	0	0	0	0	0	0	0	0	0	0	0	0	2	0	0	0	0	0	0	0	0	0	0	0	0	0	0	0	0	0	0	0	0	0	0	0	203	0	0	0	0	24	0	0	0	0	0	0	0	0	0	0	0	0	0	0	0	0	0	251	0	0	0	0	0	0	0	0	0	0	0	0	0	0	0	0	0	0	0	0	0	20

61	assemblage-297-490	0	0	0	0	0	0	0	0	0	0	0	0	0	0	0	0	0	0	0	0	0	0	0	6	0	0	0	0	0	0	0	0	0	0	0	0	0	0	8	0	0	0	0	0	0	0	127	0	0	0	0	0	0	0	0	0	0	0	0	0	0	0	0	0	0	0	0	0	198	28	0	0	0	0	0	0	0	0	0	0	112	0	0	0	0	21
61	assemblage-738-152	0	0	0	0	0	0	0	0	0	0	0	0	0	0	0	0	0	0	0	0	0	7	0	0	0	0	0	0	0	0	0	0	0	0	0	0	0	0	0	0	0	4	0	0	0	0	0	0	0	0	0	0	0	0	0	34	0	0	0	0	0	0	0	27	0	0	0	0	395	0	0	0	0	0	0	0	0	0	0	14	0	0	0	0	0	19
61	assemblage-920-647	0	0	0	0	0	0	0	0	0	0	0	0	0	0	0	0	0	0	7	0	0	0	0	0	0	0	0	0	0	0	0	0	0	0	0	0	0	0	0	0	201	0	0	0	0	24	0	0	0	0	0	0	0	0	0	0	0	0	0	0	0	0	0	253	0	0	0	0	0	0	0	0	0	0	0	0	0	0	0	0	0	0	0	0	0	15

62	assemblage-297-490	0	0	0	0	0	0	0	0	0	0	0	0	0	0	0	0	0	0	0	0	0	0	0	6	0	0	0	0	0	0	0	0	0	0	0	0	0	0	8	0	0	0	0	0	0	0	127	0	0	0	0	0	0	0	0	0	0	0	0	0	0	0	0	0	0	0	0	0	198	28	0	0	0	0	0	0	0	0	0	0	112	0	0	0	0	21
62	assemblage-914-777	0	0	0	0	0	0	0	0	0	0	0	19	0	0	0	0	0	25	0	0	0	0	0	0	0	29	0	0	0	0	3	0	0	0	0	0	0	0	0	0	0	0	0	0	0	0	11	0	0	0	0	0	0	0	0	0	0	0	0	0	0	0	0	8	0	0	0	0	268	24	0	0	0	0	0	0	0	0	0	0	0	0	87	0	0	26
62	assemblage-955-629	0	0	0	0	0	0	0	0	0	0	0	0	0	0	0	0	2	0	0	0	0	0	0	0	0	0	0	0	0	0	0	0	0	0	0	0	0	0	0	0	203	0	0	0	0	24	0	0	0	0	0	0	0	0	0	0	0	0	0	0	0	0	0	251	0	0	0	0	0	0	0	0	0	0	0	0	0	0	0	0	0	0	0	0	0	20

63	assemblage-297-490	0	0	0	0	0	0	0	0	0	0	0	0	0	0	0	0	0	0	0	0	0	0	0	6	0	0	0	0	0	0	0	0	0	0	0	0	0	0	8	0	0	0	0	0	0	0	127	0	0	0	0	0	0	0	0	0	0	0	0	0	0	0	0	0	0	0	0	0	198	28	0	0	0	0	0	0	0	0	0	0	112	0	0	0	0	21
63	assemblage-914-777	0	0	0	0	0	0	0	0	0	0	0	19	0	0	0	0	0	25	0	0	0	0	0	0	0	29	0	0	0	0	3	0	0	0	0	0	0	0	0	0	0	0	0	0	0	0	11	0	0	0	0	0	0	0	0	0	0	0	0	0	0	0	0	8	0	0	0	0	268	24	0	0	0	0	0	0	0	0	0	0	0	0	87	0	0	26
63	assemblage-920-647	0	0	0	0	0	0	0	0	0	0	0	0	0	0	0	0	0	0	7	0	0	0	0	0	0	0	0	0	0	0	0	0	0	0	0	0	0	0	0	0	201	0	0	0	0	24	0	0	0	0	0	0	0	0	0	0	0	0	0	0	0	0	0	253	0	0	0	0	0	0	0	0	0	0	0	0	0	0	0	0	0	0	0	0	0	15

64	assemblage-297-490	0	0	0	0	0	0	0	0	0	0	0	0	0	0	0	0	0	0	0	0	0	0	0	6	0	0	0	0	0	0	0	0	0	0	0	0	0	0	8	0	0	0	0	0	0	0	127	0	0	0	0	0	0	0	0	0	0	0	0	0	0	0	0	0	0	0	0	0	198	28	0	0	0	0	0	0	0	0	0	0	112	0	0	0	0	21
64	assemblage-914-777	0	0	0	0	0	0	0	0	0	0	0	19	0	0	0	0	0	25	0	0	0	0	0	0	0	29	0	0	0	0	3	0	0	0	0	0	0	0	0	0	0	0	0	0	0	0	11	0	0	0	0	0	0	0	0	0	0	0	0	0	0	0	0	8	0	0	0	0	268	24	0	0	0	0	0	0	0	0	0	0	0	0	87	0	0	26
64	assemblage-423-796	0	0	0	0	0	0	0	0	0	0	0	0	0	0	0	0	0	0	0	0	0	0	0	0	0	0	0	6	0	0	0	0	0	0	0	0	0	0	0	0	0	0	0	0	0	0	0	0	10	0	0	0	0	0	210	0	0	0	0	0	0	0	0	0	0	0	6	0	26	0	0	0	0	0	0	0	0	0	0	220	0	0	0	0	0	22

65	assemblage-297-490	0	0	0	0	0	0	0	0	0	0	0	0	0	0	0	0	0	0	0	0	0	0	0	6	0	0	0	0	0	0	0	0	0	0	0	0	0	0	8	0	0	0	0	0	0	0	127	0	0	0	0	0	0	0	0	0	0	0	0	0	0	0	0	0	0	0	0	0	198	28	0	0	0	0	0	0	0	0	0	0	112	0	0	0	0	21
65	assemblage-914-777	0	0	0	0	0	0	0	0	0	0	0	19	0	0	0	0	0	25	0	0	0	0	0	0	0	29	0	0	0	0	3	0	0	0	0	0	0	0	0	0	0	0	0	0	0	0	11	0	0	0	0	0	0	0	0	0	0	0	0	0	0	0	0	8	0	0	0	0	268	24	0	0	0	0	0	0	0	0	0	0	0	0	87	0	0	26
65	assemblage-738-152	0	0	0	0	0	0	0	0	0	0	0	0	0	0	0	0	0	0	0	0	0	7	0	0	0	0	0	0	0	0	0	0	0	0	0	0	0	0	0	0	0	4	0	0	0	0	0	0	0	0	0	0	0	0	0	34	0	0	0	0	0	0	0	27	0	0	0	0	395	0	0	0	0	0	0	0	0	0	0	14	0	0	0	0	0	19

66	assemblage-297-490	0	0	0	0	0	0	0	0	0	0	0	0	0	0	0	0	0	0	0	0	0	0	0	6	0	0	0	0	0	0	0	0	0	0	0	0	0	0	8	0	0	0	0	0	0	0	127	0	0	0	0	0	0	0	0	0	0	0	0	0	0	0	0	0	0	0	0	0	198	28	0	0	0	0	0	0	0	0	0	0	112	0	0	0	0	21
66	assemblage-914-777	0	0	0	0	0	0	0	0	0	0	0	19	0	0	0	0	0	25	0	0	0	0	0	0	0	29	0	0	0	0	3	0	0	0	0	0	0	0	0	0	0	0	0	0	0	0	11	0	0	0	0	0	0	0	0	0	0	0	0	0	0	0	0	8	0	0	0	0	268	24	0	0	0	0	0	0	0	0	0	0	0	0	87	0	0	26
66	assemblage-629-202	0	0	0	0	0	0	0	0	0	0	0	0	0	0	0	0	0	213	0	0	0	0	0	0	0	0	0	0	0	0	0	0	0	0	0	0	0	0	0	0	0	0	0	23	0	0	0	0	0	0	0	0	0	0	46	0	0	0	0	0	0	0	0	182	0	0	0	0	19	6	0	0	0	0	0	0	0	0	0	0	0	0	0	0	0	11

67	assemblage-297-490	0	0	0	0	0	0	0	0	0	0	0	0	0	0	0	0	0	0	0	0	0	0	0	6	0	0	0	0	0	0	0	0	0	0	0	0	0	0	8	0	0	0	0	0	0	0	127	0	0	0	0	0	0	0	0	0	0	0	0	0	0	0	0	0	0	0	0	0	198	28	0	0	0	0	0	0	0	0	0	0	112	0	0	0	0	21
67	assemblage-1002-149	0	0	0	0	0	0	0	0	0	0	2	0	0	0	0	0	0	0	0	0	0	12	0	0	0	0	0	0	0	0	0	0	0	0	0	0	0	0	0	0	0	0	0	0	0	0	0	0	0	0	0	0	0	0	5	22	0	0	0	0	0	0	0	13	0	0	0	0	412	0	0	0	0	0	0	0	0	0	0	19	0	0	0	0	0	15
67	assemblage-920-647	0	0	0	0	0	0	0	0	0	0	0	0	0	0	0	0	0	0	7	0	0	0	0	0	0	0	0	0	0	0	0	0	0	0	0	0	0	0	0	0	201	0	0	0	0	24	0	0	0	0	0	0	0	0	0	0	0	0	0	0	0	0	0	253	0	0	0	0	0	0	0	0	0	0	0	0	0	0	0	0	0	0	0	0	0	15

68	assemblage-297-490	0	0	0	0	0	0	0	0	0	0	0	0	0	0	0	0	0	0	0	0	0	0	0	6	0	0	0	0	0	0	0	0	0	0	0	0	0	0	8	0	0	0	0	0	0	0	127	0	0	0	0	0	0	0	0	0	0	0	0	0	0	0	0	0	0	0	0	0	198	28	0	0	0	0	0	0	0	0	0	0	112	0	0	0	0	21
68	assemblage-145-672	0	0	0	0	0	0	0	0	0	0	0	0	0	0	0	0	0	0	0	0	0	0	0	0	0	0	0	0	0	0	0	0	0	0	0	0	0	0	0	0	0	0	0	0	0	0	0	0	0	0	0	0	0	0	0	0	0	4	0	0	0	0	0	0	0	0	147	0	300	0	0	0	0	0	0	0	0	0	0	11	0	18	0	0	0	20
68	assemblage-955-629	0	0	0	0	0	0	0	0	0	0	0	0	0	0	0	0	2	0	0	0	0	0	0	0	0	0	0	0	0	0	0	0	0	0	0	0	0	0	0	0	203	0	0	0	0	24	0	0	0	0	0	0	0	0	0	0	0	0	0	0	0	0	0	251	0	0	0	0	0	0	0	0	0	0	0	0	0	0	0	0	0	0	0	0	0	20

69	assemblage-297-490	0	0	0	0	0	0	0	0	0	0	0	0	0	0	0	0	0	0	0	0	0	0	0	6	0	0	0	0	0	0	0	0	0	0	0	0	0	0	8	0	0	0	0	0	0	0	127	0	0	0	0	0	0	0	0	0	0	0	0	0	0	0	0	0	0	0	0	0	198	28	0	0	0	0	0	0	0	0	0	0	112	0	0	0	0	21
69	assemblage-145-672	0	0	0	0	0	0	0	0	0	0	0	0	0	0	0	0	0	0	0	0	0	0	0	0	0	0	0	0	0	0	0	0	0	0	0	0	0	0	0	0	0	0	0	0	0	0	0	0	0	0	0	0	0	0	0	0	0	4	0	0	0	0	0	0	0	0	147	0	300	0	0	0	0	0	0	0	0	0	0	11	0	18	0	0	0	20
69	assemblage-920-647	0	0	0	0	0	0	0	0	0	0	0	0	0	0	0	0	0	0	7	0	0	0	0	0	0	0	0	0	0	0	0	0	0	0	0	0	0	0	0	0	201	0	0	0	0	24	0	0	0	0	0	0	0	0	0	0	0	0	0	0	0	0	0	253	0	0	0	0	0	0	0	0	0	0	0	0	0	0	0	0	0	0	0	0	0	15

70	assemblage-297-490	0	0	0	0	0	0	0	0	0	0	0	0	0	0	0	0	0	0	0	0	0	0	0	6	0	0	0	0	0	0	0	0	0	0	0	0	0	0	8	0	0	0	0	0	0	0	127	0	0	0	0	0	0	0	0	0	0	0	0	0	0	0	0	0	0	0	0	0	198	28	0	0	0	0	0	0	0	0	0	0	112	0	0	0	0	21
70	assemblage-145-672	0	0	0	0	0	0	0	0	0	0	0	0	0	0	0	0	0	0	0	0	0	0	0	0	0	0	0	0	0	0	0	0	0	0	0	0	0	0	0	0	0	0	0	0	0	0	0	0	0	0	0	0	0	0	0	0	0	4	0	0	0	0	0	0	0	0	147	0	300	0	0	0	0	0	0	0	0	0	0	11	0	18	0	0	0	20
70	assemblage-423-796	0	0	0	0	0	0	0	0	0	0	0	0	0	0	0	0	0	0	0	0	0	0	0	0	0	0	0	6	0	0	0	0	0	0	0	0	0	0	0	0	0	0	0	0	0	0	0	0	10	0	0	0	0	0	210	0	0	0	0	0	0	0	0	0	0	0	6	0	26	0	0	0	0	0	0	0	0	0	0	220	0	0	0	0	0	22

71	assemblage-297-490	0	0	0	0	0	0	0	0	0	0	0	0	0	0	0	0	0	0	0	0	0	0	0	6	0	0	0	0	0	0	0	0	0	0	0	0	0	0	8	0	0	0	0	0	0	0	127	0	0	0	0	0	0	0	0	0	0	0	0	0	0	0	0	0	0	0	0	0	198	28	0	0	0	0	0	0	0	0	0	0	112	0	0	0	0	21
71	assemblage-145-672	0	0	0	0	0	0	0	0	0	0	0	0	0	0	0	0	0	0	0	0	0	0	0	0	0	0	0	0	0	0	0	0	0	0	0	0	0	0	0	0	0	0	0	0	0	0	0	0	0	0	0	0	0	0	0	0	0	4	0	0	0	0	0	0	0	0	147	0	300	0	0	0	0	0	0	0	0	0	0	11	0	18	0	0	0	20
71	assemblage-738-152	0	0	0	0	0	0	0	0	0	0	0	0	0	0	0	0	0	0	0	0	0	7	0	0	0	0	0	0	0	0	0	0	0	0	0	0	0	0	0	0	0	4	0	0	0	0	0	0	0	0	0	0	0	0	0	34	0	0	0	0	0	0	0	27	0	0	0	0	395	0	0	0	0	0	0	0	0	0	0	14	0	0	0	0	0	19

72	assemblage-297-490	0	0	0	0	0	0	0	0	0	0	0	0	0	0	0	0	0	0	0	0	0	0	0	6	0	0	0	0	0	0	0	0	0	0	0	0	0	0	8	0	0	0	0	0	0	0	127	0	0	0	0	0	0	0	0	0	0	0	0	0	0	0	0	0	0	0	0	0	198	28	0	0	0	0	0	0	0	0	0	0	112	0	0	0	0	21
72	assemblage-145-672	0	0	0	0	0	0	0	0	0	0	0	0	0	0	0	0	0	0	0	0	0	0	0	0	0	0	0	0	0	0	0	0	0	0	0	0	0	0	0	0	0	0	0	0	0	0	0	0	0	0	0	0	0	0	0	0	0	4	0	0	0	0	0	0	0	0	147	0	300	0	0	0	0	0	0	0	0	0	0	11	0	18	0	0	0	20
72	assemblage-1002-149	0	0	0	0	0	0	0	0	0	0	2	0	0	0	0	0	0	0	0	0	0	12	0	0	0	0	0	0	0	0	0	0	0	0	0	0	0	0	0	0	0	0	0	0	0	0	0	0	0	0	0	0	0	0	5	22	0	0	0	0	0	0	0	13	0	0	0	0	412	0	0	0	0	0	0	0	0	0	0	19	0	0	0	0	0	15

73	assemblage-297-490	0	0	0	0	0	0	0	0	0	0	0	0	0	0	0	0	0	0	0	0	0	0	0	6	0	0	0	0	0	0	0	0	0	0	0	0	0	0	8	0	0	0	0	0	0	0	127	0	0	0	0	0	0	0	0	0	0	0	0	0	0	0	0	0	0	0	0	0	198	28	0	0	0	0	0	0	0	0	0	0	112	0	0	0	0	21
73	assemblage-723-168	0	0	0	0	0	0	0	0	0	0	3	0	0	0	0	0	0	0	0	0	0	6	0	0	0	0	0	0	0	0	0	0	0	0	0	0	0	0	0	0	0	0	0	0	0	0	0	0	0	0	0	0	0	0	3	24	0	0	0	0	0	0	0	14	0	0	0	0	395	0	0	0	0	0	0	0	0	0	0	20	0	0	0	0	0	35
73	assemblage-955-629	0	0	0	0	0	0	0	0	0	0	0	0	0	0	0	0	2	0	0	0	0	0	0	0	0	0	0	0	0	0	0	0	0	0	0	0	0	0	0	0	203	0	0	0	0	24	0	0	0	0	0	0	0	0	0	0	0	0	0	0	0	0	0	251	0	0	0	0	0	0	0	0	0	0	0	0	0	0	0	0	0	0	0	0	0	20

74	assemblage-297-490	0	0	0	0	0	0	0	0	0	0	0	0	0	0	0	0	0	0	0	0	0	0	0	6	0	0	0	0	0	0	0	0	0	0	0	0	0	0	8	0	0	0	0	0	0	0	127	0	0	0	0	0	0	0	0	0	0	0	0	0	0	0	0	0	0	0	0	0	198	28	0	0	0	0	0	0	0	0	0	0	112	0	0	0	0	21
74	assemblage-723-168	0	0	0	0	0	0	0	0	0	0	3	0	0	0	0	0	0	0	0	0	0	6	0	0	0	0	0	0	0	0	0	0	0	0	0	0	0	0	0	0	0	0	0	0	0	0	0	0	0	0	0	0	0	0	3	24	0	0	0	0	0	0	0	14	0	0	0	0	395	0	0	0	0	0	0	0	0	0	0	20	0	0	0	0	0	35
74	assemblage-920-647	0	0	0	0	0	0	0	0	0	0	0	0	0	0	0	0	0	0	7	0	0	0	0	0	0	0	0	0	0	0	0	0	0	0	0	0	0	0	0	0	201	0	0	0	0	24	0	0	0	0	0	0	0	0	0	0	0	0	0	0	0	0	0	253	0	0	0	0	0	0	0	0	0	0	0	0	0	0	0	0	0	0	0	0	0	15

75	assemblage-297-490	0	0	0	0	0	0	0	0	0	0	0	0	0	0	0	0	0	0	0	0	0	0	0	6	0	0	0	0	0	0	0	0	0	0	0	0	0	0	8	0	0	0	0	0	0	0	127	0	0	0	0	0	0	0	0	0	0	0	0	0	0	0	0	0	0	0	0	0	198	28	0	0	0	0	0	0	0	0	0	0	112	0	0	0	0	21
75	assemblage-723-168	0	0	0	0	0	0	0	0	0	0	3	0	0	0	0	0	0	0	0	0	0	6	0	0	0	0	0	0	0	0	0	0	0	0	0	0	0	0	0	0	0	0	0	0	0	0	0	0	0	0	0	0	0	0	3	24	0	0	0	0	0	0	0	14	0	0	0	0	395	0	0	0	0	0	0	0	0	0	0	20	0	0	0	0	0	35
75	assemblage-423-796	0	0	0	0	0	0	0	0	0	0	0	0	0	0	0	0	0	0	0	0	0	0	0	0	0	0	0	6	0	0	0	0	0	0	0	0	0	0	0	0	0	0	0	0	0	0	0	0	10	0	0	0	0	0	210	0	0	0	0	0	0	0	0	0	0	0	6	0	26	0	0	0	0	0	0	0	0	0	0	220	0	0	0	0	0	22

76	assemblage-297-490	0	0	0	0	0	0	0	0	0	0	0	0	0	0	0	0	0	0	0	0	0	0	0	6	0	0	0	0	0	0	0	0	0	0	0	0	0	0	8	0	0	0	0	0	0	0	127	0	0	0	0	0	0	0	0	0	0	0	0	0	0	0	0	0	0	0	0	0	198	28	0	0	0	0	0	0	0	0	0	0	112	0	0	0	0	21
76	assemblage-723-168	0	0	0	0	0	0	0	0	0	0	3	0	0	0	0	0	0	0	0	0	0	6	0	0	0	0	0	0	0	0	0	0	0	0	0	0	0	0	0	0	0	0	0	0	0	0	0	0	0	0	0	0	0	0	3	24	0	0	0	0	0	0	0	14	0	0	0	0	395	0	0	0	0	0	0	0	0	0	0	20	0	0	0	0	0	35
76	assemblage-738-152	0	0	0	0	0	0	0	0	0	0	0	0	0	0	0	0	0	0	0	0	0	7	0	0	0	0	0	0	0	0	0	0	0	0	0	0	0	0	0	0	0	4	0	0	0	0	0	0	0	0	0	0	0	0	0	34	0	0	0	0	0	0	0	27	0	0	0	0	395	0	0	0	0	0	0	0	0	0	0	14	0	0	0	0	0	19

77	assemblage-297-490	0	0	0	0	0	0	0	0	0	0	0	0	0	0	0	0	0	0	0	0	0	0	0	6	0	0	0	0	0	0	0	0	0	0	0	0	0	0	8	0	0	0	0	0	0	0	127	0	0	0	0	0	0	0	0	0	0	0	0	0	0	0	0	0	0	0	0	0	198	28	0	0	0	0	0	0	0	0	0	0	112	0	0	0	0	21
77	assemblage-723-168	0	0	0	0	0	0	0	0	0	0	3	0	0	0	0	0	0	0	0	0	0	6	0	0	0	0	0	0	0	0	0	0	0	0	0	0	0	0	0	0	0	0	0	0	0	0	0	0	0	0	0	0	0	0	3	24	0	0	0	0	0	0	0	14	0	0	0	0	395	0	0	0	0	0	0	0	0	0	0	20	0	0	0	0	0	35
77	assemblage-1002-149	0	0	0	0	0	0	0	0	0	0	2	0	0	0	0	0	0	0	0	0	0	12	0	0	0	0	0	0	0	0	0	0	0	0	0	0	0	0	0	0	0	0	0	0	0	0	0	0	0	0	0	0	0	0	5	22	0	0	0	0	0	0	0	13	0	0	0	0	412	0	0	0	0	0	0	0	0	0	0	19	0	0	0	0	0	15

78	assemblage-297-490	0	0	0	0	0	0	0	0	0	0	0	0	0	0	0	0	0	0	0	0	0	0	0	6	0	0	0	0	0	0	0	0	0	0	0	0	0	0	8	0	0	0	0	0	0	0	127	0	0	0	0	0	0	0	0	0	0	0	0	0	0	0	0	0	0	0	0	0	198	28	0	0	0	0	0	0	0	0	0	0	112	0	0	0	0	21
78	assemblage-723-168	0	0	0	0	0	0	0	0	0	0	3	0	0	0	0	0	0	0	0	0	0	6	0	0	0	0	0	0	0	0	0	0	0	0	0	0	0	0	0	0	0	0	0	0	0	0	0	0	0	0	0	0	0	0	3	24	0	0	0	0	0	0	0	14	0	0	0	0	395	0	0	0	0	0	0	0	0	0	0	20	0	0	0	0	0	35
78	assemblage-145-672	0	0	0	0	0	0	0	0	0	0	0	0	0	0	0	0	0	0	0	0	0	0	0	0	0	0	0	0	0	0	0	0	0	0	0	0	0	0	0	0	0	0	0	0	0	0	0	0	0	0	0	0	0	0	0	0	0	4	0	0	0	0	0	0	0	0	147	0	300	0	0	0	0	0	0	0	0	0	0	11	0	18	0	0	0	20

