Seriation_Number	Assemblage	1-1-961758	3006998-4075085-3645851	3492134-4075085-1080695	1956842-1-662838	1-4318785-662838	5078850-4075085-0	3006998-4075085-0	7112087-4075085-0	1-1-3459632	1-1-939369	1-9245180-662838	3006998-3136167-3149087	3006998-8762103-1080695	3006998-4075085-1080695	1-1-1098687	3-2-2	6594255-4075085-1080695	3006998-8889578-5077756	1-1-1	3-3-0	2945216-1-662838	6464718-1-5315882	3651629-1-1	0-1-6959569	0-4-0	1-9735106-1	0-1-0	2968564-1-5315882	1-122771-662838	0-3-388503	3006998-4075085-8275949	3006998-3600905-0	2682187-8986383-0	3524686-1-1	1-3869680-662838	5267899-1-662838	6464718-7158566-5315882	6464718-1-0	3-4273888-2	3649110-2-8969068	0-3-3	0-3-0	887994-3-0	6168708-4075085-1080695	3006998-9331790-1080695	1-1-4293871	3006998-4075085-4884074	1411928-4075085-1080695	3006998-4075085-6112268	5267899-1-2321559	0-3-1953027	3006998-3232835-0	8085107-3-0	1-6875638-662838	3006998-4815028-1080695	1411928-4046272-1080695	2692857-4075085-1080695	5671433-4075085-0	1-1-662838	1-7783801-1	3006998-7825236-0	8350035-1-5315882	3006998-4075085-7835748	9358712-2-8969068	3006998-523481-1080695	3006998-2786137-1080695	9746805-4075085-0	1-1-7167634	3006998-3232835-7543514	1-7984203-2313438	3006998-6582870-0	3006998-3232835-8076016	9890219-1-6959569	0-3-1948231	5778534-1-1	3006998-1-0	3006998-4075085-7445345	4-4-1	763635-1-662838	1-1-7994803	1-1-338532	1-1-6739229	3006998-1-9094751	3006998-3232835-5077756	3006998-3826900-0	5267899-6071154-2321559
1	assemblage-760-273	0	14	0	0	0	0	161	0	0	0	0	0	0	5	0	0	0	0	55	0	0	0	0	0	0	0	0	0	0	0	0	0	0	0	0	0	0	0	0	0	0	0	0	0	0	0	0	0	0	0	0	60	0	0	0	0	0	0	0	0	0	11	136	0	0	0	0	0	25	0	0	0	0	0	0	0	0	0	0	0	0	0	0	0	14	19
1	assemblage-816-430	0	0	0	16	0	34	44	0	0	0	0	0	0	0	0	0	0	0	43	0	0	0	0	0	0	0	0	0	0	0	0	0	0	4	0	99	0	0	0	0	0	0	0	0	0	0	0	0	0	52	0	0	0	0	0	0	0	0	191	0	0	0	0	0	0	0	0	0	0	0	0	0	0	0	0	0	0	0	0	0	0	0	0	0	0	17
1	assemblage-593-369	0	0	0	0	10	0	0	0	0	0	36	0	0	0	0	0	0	0	0	0	13	0	0	0	0	0	0	0	0	0	0	0	0	0	0	0	0	0	0	0	0	0	0	0	0	0	0	0	0	32	0	0	0	0	0	0	0	0	136	0	0	0	0	0	0	0	0	0	0	0	0	0	0	0	0	0	0	0	0	240	0	11	0	0	0	22

2	assemblage-920-647	0	0	0	0	0	0	0	0	0	0	0	0	0	0	0	0	0	0	0	0	0	8	0	9	0	0	63	0	0	0	0	0	0	0	0	0	0	173	0	0	0	0	0	0	0	0	0	0	0	0	0	0	0	0	0	0	0	0	0	0	0	0	0	0	0	0	0	0	0	0	0	0	0	0	0	168	0	53	0	0	0	0	10	0	0	16
2	assemblage-816-430	0	0	0	16	0	34	44	0	0	0	0	0	0	0	0	0	0	0	43	0	0	0	0	0	0	0	0	0	0	0	0	0	0	4	0	99	0	0	0	0	0	0	0	0	0	0	0	0	0	52	0	0	0	0	0	0	0	0	191	0	0	0	0	0	0	0	0	0	0	0	0	0	0	0	0	0	0	0	0	0	0	0	0	0	0	17
2	assemblage-593-369	0	0	0	0	10	0	0	0	0	0	36	0	0	0	0	0	0	0	0	0	13	0	0	0	0	0	0	0	0	0	0	0	0	0	0	0	0	0	0	0	0	0	0	0	0	0	0	0	0	32	0	0	0	0	0	0	0	0	136	0	0	0	0	0	0	0	0	0	0	0	0	0	0	0	0	0	0	0	0	240	0	11	0	0	0	22

3	assemblage-920-647	0	0	0	0	0	0	0	0	0	0	0	0	0	0	0	0	0	0	0	0	0	8	0	9	0	0	63	0	0	0	0	0	0	0	0	0	0	173	0	0	0	0	0	0	0	0	0	0	0	0	0	0	0	0	0	0	0	0	0	0	0	0	0	0	0	0	0	0	0	0	0	0	0	0	0	168	0	53	0	0	0	0	10	0	0	16
3	assemblage-760-273	0	14	0	0	0	0	161	0	0	0	0	0	0	5	0	0	0	0	55	0	0	0	0	0	0	0	0	0	0	0	0	0	0	0	0	0	0	0	0	0	0	0	0	0	0	0	0	0	0	0	0	60	0	0	0	0	0	0	0	0	0	11	136	0	0	0	0	0	25	0	0	0	0	0	0	0	0	0	0	0	0	0	0	0	14	19
3	assemblage-816-430	0	0	0	16	0	34	44	0	0	0	0	0	0	0	0	0	0	0	43	0	0	0	0	0	0	0	0	0	0	0	0	0	0	4	0	99	0	0	0	0	0	0	0	0	0	0	0	0	0	52	0	0	0	0	0	0	0	0	191	0	0	0	0	0	0	0	0	0	0	0	0	0	0	0	0	0	0	0	0	0	0	0	0	0	0	17

4	assemblage-863-488	0	0	0	0	0	0	0	0	0	0	0	0	0	307	0	0	15	0	0	0	0	0	0	0	0	0	0	0	0	0	0	0	0	0	0	0	0	0	0	0	0	0	0	0	0	0	105	0	0	0	0	0	0	0	0	0	0	0	28	0	0	0	0	0	0	8	0	0	0	0	0	0	0	0	0	0	0	0	0	17	0	0	0	0	0	20
4	assemblage-593-369	0	0	0	0	10	0	0	0	0	0	36	0	0	0	0	0	0	0	0	0	13	0	0	0	0	0	0	0	0	0	0	0	0	0	0	0	0	0	0	0	0	0	0	0	0	0	0	0	0	32	0	0	0	0	0	0	0	0	136	0	0	0	0	0	0	0	0	0	0	0	0	0	0	0	0	0	0	0	0	240	0	11	0	0	0	22
4	assemblage-254-702	0	0	0	0	0	0	0	0	10	0	0	0	0	0	0	0	0	0	408	0	0	24	0	0	0	11	0	0	0	0	0	0	0	0	0	0	0	0	0	0	0	23	0	0	0	0	0	0	0	0	0	0	0	0	0	0	0	0	0	0	0	0	0	0	0	0	0	2	0	0	0	0	0	0	0	7	0	0	0	0	0	0	0	0	0	15

5	assemblage-863-488	0	0	0	0	0	0	0	0	0	0	0	0	0	307	0	0	15	0	0	0	0	0	0	0	0	0	0	0	0	0	0	0	0	0	0	0	0	0	0	0	0	0	0	0	0	0	105	0	0	0	0	0	0	0	0	0	0	0	28	0	0	0	0	0	0	8	0	0	0	0	0	0	0	0	0	0	0	0	0	17	0	0	0	0	0	20
5	assemblage-816-430	0	0	0	16	0	34	44	0	0	0	0	0	0	0	0	0	0	0	43	0	0	0	0	0	0	0	0	0	0	0	0	0	0	4	0	99	0	0	0	0	0	0	0	0	0	0	0	0	0	52	0	0	0	0	0	0	0	0	191	0	0	0	0	0	0	0	0	0	0	0	0	0	0	0	0	0	0	0	0	0	0	0	0	0	0	17
5	assemblage-254-702	0	0	0	0	0	0	0	0	10	0	0	0	0	0	0	0	0	0	408	0	0	24	0	0	0	11	0	0	0	0	0	0	0	0	0	0	0	0	0	0	0	23	0	0	0	0	0	0	0	0	0	0	0	0	0	0	0	0	0	0	0	0	0	0	0	0	0	2	0	0	0	0	0	0	0	7	0	0	0	0	0	0	0	0	0	15

6	assemblage-863-488	0	0	0	0	0	0	0	0	0	0	0	0	0	307	0	0	15	0	0	0	0	0	0	0	0	0	0	0	0	0	0	0	0	0	0	0	0	0	0	0	0	0	0	0	0	0	105	0	0	0	0	0	0	0	0	0	0	0	28	0	0	0	0	0	0	8	0	0	0	0	0	0	0	0	0	0	0	0	0	17	0	0	0	0	0	20
6	assemblage-760-273	0	14	0	0	0	0	161	0	0	0	0	0	0	5	0	0	0	0	55	0	0	0	0	0	0	0	0	0	0	0	0	0	0	0	0	0	0	0	0	0	0	0	0	0	0	0	0	0	0	0	0	60	0	0	0	0	0	0	0	0	0	11	136	0	0	0	0	0	25	0	0	0	0	0	0	0	0	0	0	0	0	0	0	0	14	19
6	assemblage-254-702	0	0	0	0	0	0	0	0	10	0	0	0	0	0	0	0	0	0	408	0	0	24	0	0	0	11	0	0	0	0	0	0	0	0	0	0	0	0	0	0	0	23	0	0	0	0	0	0	0	0	0	0	0	0	0	0	0	0	0	0	0	0	0	0	0	0	0	2	0	0	0	0	0	0	0	7	0	0	0	0	0	0	0	0	0	15

7	assemblage-863-488	0	0	0	0	0	0	0	0	0	0	0	0	0	307	0	0	15	0	0	0	0	0	0	0	0	0	0	0	0	0	0	0	0	0	0	0	0	0	0	0	0	0	0	0	0	0	105	0	0	0	0	0	0	0	0	0	0	0	28	0	0	0	0	0	0	8	0	0	0	0	0	0	0	0	0	0	0	0	0	17	0	0	0	0	0	20
7	assemblage-920-647	0	0	0	0	0	0	0	0	0	0	0	0	0	0	0	0	0	0	0	0	0	8	0	9	0	0	63	0	0	0	0	0	0	0	0	0	0	173	0	0	0	0	0	0	0	0	0	0	0	0	0	0	0	0	0	0	0	0	0	0	0	0	0	0	0	0	0	0	0	0	0	0	0	0	0	168	0	53	0	0	0	0	10	0	0	16
7	assemblage-254-702	0	0	0	0	0	0	0	0	10	0	0	0	0	0	0	0	0	0	408	0	0	24	0	0	0	11	0	0	0	0	0	0	0	0	0	0	0	0	0	0	0	23	0	0	0	0	0	0	0	0	0	0	0	0	0	0	0	0	0	0	0	0	0	0	0	0	0	2	0	0	0	0	0	0	0	7	0	0	0	0	0	0	0	0	0	15

8	assemblage-423-796	22	0	0	0	0	0	0	0	0	0	0	0	0	0	0	0	0	0	201	229	0	0	35	0	0	0	0	0	0	0	0	0	0	0	0	0	0	0	0	0	0	0	4	0	0	0	0	0	0	0	0	0	0	0	0	0	0	0	0	0	0	0	0	0	0	0	0	0	0	0	0	0	0	0	0	0	0	0	0	0	0	0	0	0	0	9
8	assemblage-760-273	0	14	0	0	0	0	161	0	0	0	0	0	0	5	0	0	0	0	55	0	0	0	0	0	0	0	0	0	0	0	0	0	0	0	0	0	0	0	0	0	0	0	0	0	0	0	0	0	0	0	0	60	0	0	0	0	0	0	0	0	0	11	136	0	0	0	0	0	25	0	0	0	0	0	0	0	0	0	0	0	0	0	0	0	14	19
8	assemblage-816-430	0	0	0	16	0	34	44	0	0	0	0	0	0	0	0	0	0	0	43	0	0	0	0	0	0	0	0	0	0	0	0	0	0	4	0	99	0	0	0	0	0	0	0	0	0	0	0	0	0	52	0	0	0	0	0	0	0	0	191	0	0	0	0	0	0	0	0	0	0	0	0	0	0	0	0	0	0	0	0	0	0	0	0	0	0	17

9	assemblage-423-796	22	0	0	0	0	0	0	0	0	0	0	0	0	0	0	0	0	0	201	229	0	0	35	0	0	0	0	0	0	0	0	0	0	0	0	0	0	0	0	0	0	0	4	0	0	0	0	0	0	0	0	0	0	0	0	0	0	0	0	0	0	0	0	0	0	0	0	0	0	0	0	0	0	0	0	0	0	0	0	0	0	0	0	0	0	9
9	assemblage-863-488	0	0	0	0	0	0	0	0	0	0	0	0	0	307	0	0	15	0	0	0	0	0	0	0	0	0	0	0	0	0	0	0	0	0	0	0	0	0	0	0	0	0	0	0	0	0	105	0	0	0	0	0	0	0	0	0	0	0	28	0	0	0	0	0	0	8	0	0	0	0	0	0	0	0	0	0	0	0	0	17	0	0	0	0	0	20
9	assemblage-920-647	0	0	0	0	0	0	0	0	0	0	0	0	0	0	0	0	0	0	0	0	0	8	0	9	0	0	63	0	0	0	0	0	0	0	0	0	0	173	0	0	0	0	0	0	0	0	0	0	0	0	0	0	0	0	0	0	0	0	0	0	0	0	0	0	0	0	0	0	0	0	0	0	0	0	0	168	0	53	0	0	0	0	10	0	0	16

10	assemblage-403-242	0	0	0	0	0	0	0	0	0	0	0	0	0	436	0	0	0	0	0	0	0	0	0	0	0	0	0	0	0	0	0	0	0	0	0	0	0	0	0	0	0	0	0	0	0	0	8	0	0	0	0	0	0	0	0	0	0	0	7	0	0	0	0	0	1	0	0	0	0	0	0	0	0	0	0	0	0	0	0	38	0	0	0	0	0	10
10	assemblage-593-369	0	0	0	0	10	0	0	0	0	0	36	0	0	0	0	0	0	0	0	0	13	0	0	0	0	0	0	0	0	0	0	0	0	0	0	0	0	0	0	0	0	0	0	0	0	0	0	0	0	32	0	0	0	0	0	0	0	0	136	0	0	0	0	0	0	0	0	0	0	0	0	0	0	0	0	0	0	0	0	240	0	11	0	0	0	22
10	assemblage-254-702	0	0	0	0	0	0	0	0	10	0	0	0	0	0	0	0	0	0	408	0	0	24	0	0	0	11	0	0	0	0	0	0	0	0	0	0	0	0	0	0	0	23	0	0	0	0	0	0	0	0	0	0	0	0	0	0	0	0	0	0	0	0	0	0	0	0	0	2	0	0	0	0	0	0	0	7	0	0	0	0	0	0	0	0	0	15

11	assemblage-403-242	0	0	0	0	0	0	0	0	0	0	0	0	0	436	0	0	0	0	0	0	0	0	0	0	0	0	0	0	0	0	0	0	0	0	0	0	0	0	0	0	0	0	0	0	0	0	8	0	0	0	0	0	0	0	0	0	0	0	7	0	0	0	0	0	1	0	0	0	0	0	0	0	0	0	0	0	0	0	0	38	0	0	0	0	0	10
11	assemblage-816-430	0	0	0	16	0	34	44	0	0	0	0	0	0	0	0	0	0	0	43	0	0	0	0	0	0	0	0	0	0	0	0	0	0	4	0	99	0	0	0	0	0	0	0	0	0	0	0	0	0	52	0	0	0	0	0	0	0	0	191	0	0	0	0	0	0	0	0	0	0	0	0	0	0	0	0	0	0	0	0	0	0	0	0	0	0	17
11	assemblage-254-702	0	0	0	0	0	0	0	0	10	0	0	0	0	0	0	0	0	0	408	0	0	24	0	0	0	11	0	0	0	0	0	0	0	0	0	0	0	0	0	0	0	23	0	0	0	0	0	0	0	0	0	0	0	0	0	0	0	0	0	0	0	0	0	0	0	0	0	2	0	0	0	0	0	0	0	7	0	0	0	0	0	0	0	0	0	15

12	assemblage-403-242	0	0	0	0	0	0	0	0	0	0	0	0	0	436	0	0	0	0	0	0	0	0	0	0	0	0	0	0	0	0	0	0	0	0	0	0	0	0	0	0	0	0	0	0	0	0	8	0	0	0	0	0	0	0	0	0	0	0	7	0	0	0	0	0	1	0	0	0	0	0	0	0	0	0	0	0	0	0	0	38	0	0	0	0	0	10
12	assemblage-760-273	0	14	0	0	0	0	161	0	0	0	0	0	0	5	0	0	0	0	55	0	0	0	0	0	0	0	0	0	0	0	0	0	0	0	0	0	0	0	0	0	0	0	0	0	0	0	0	0	0	0	0	60	0	0	0	0	0	0	0	0	0	11	136	0	0	0	0	0	25	0	0	0	0	0	0	0	0	0	0	0	0	0	0	0	14	19
12	assemblage-254-702	0	0	0	0	0	0	0	0	10	0	0	0	0	0	0	0	0	0	408	0	0	24	0	0	0	11	0	0	0	0	0	0	0	0	0	0	0	0	0	0	0	23	0	0	0	0	0	0	0	0	0	0	0	0	0	0	0	0	0	0	0	0	0	0	0	0	0	2	0	0	0	0	0	0	0	7	0	0	0	0	0	0	0	0	0	15

13	assemblage-403-242	0	0	0	0	0	0	0	0	0	0	0	0	0	436	0	0	0	0	0	0	0	0	0	0	0	0	0	0	0	0	0	0	0	0	0	0	0	0	0	0	0	0	0	0	0	0	8	0	0	0	0	0	0	0	0	0	0	0	7	0	0	0	0	0	1	0	0	0	0	0	0	0	0	0	0	0	0	0	0	38	0	0	0	0	0	10
13	assemblage-920-647	0	0	0	0	0	0	0	0	0	0	0	0	0	0	0	0	0	0	0	0	0	8	0	9	0	0	63	0	0	0	0	0	0	0	0	0	0	173	0	0	0	0	0	0	0	0	0	0	0	0	0	0	0	0	0	0	0	0	0	0	0	0	0	0	0	0	0	0	0	0	0	0	0	0	0	168	0	53	0	0	0	0	10	0	0	16
13	assemblage-254-702	0	0	0	0	0	0	0	0	10	0	0	0	0	0	0	0	0	0	408	0	0	24	0	0	0	11	0	0	0	0	0	0	0	0	0	0	0	0	0	0	0	23	0	0	0	0	0	0	0	0	0	0	0	0	0	0	0	0	0	0	0	0	0	0	0	0	0	2	0	0	0	0	0	0	0	7	0	0	0	0	0	0	0	0	0	15

14	assemblage-403-242	0	0	0	0	0	0	0	0	0	0	0	0	0	436	0	0	0	0	0	0	0	0	0	0	0	0	0	0	0	0	0	0	0	0	0	0	0	0	0	0	0	0	0	0	0	0	8	0	0	0	0	0	0	0	0	0	0	0	7	0	0	0	0	0	1	0	0	0	0	0	0	0	0	0	0	0	0	0	0	38	0	0	0	0	0	10
14	assemblage-863-488	0	0	0	0	0	0	0	0	0	0	0	0	0	307	0	0	15	0	0	0	0	0	0	0	0	0	0	0	0	0	0	0	0	0	0	0	0	0	0	0	0	0	0	0	0	0	105	0	0	0	0	0	0	0	0	0	0	0	28	0	0	0	0	0	0	8	0	0	0	0	0	0	0	0	0	0	0	0	0	17	0	0	0	0	0	20
14	assemblage-254-702	0	0	0	0	0	0	0	0	10	0	0	0	0	0	0	0	0	0	408	0	0	24	0	0	0	11	0	0	0	0	0	0	0	0	0	0	0	0	0	0	0	23	0	0	0	0	0	0	0	0	0	0	0	0	0	0	0	0	0	0	0	0	0	0	0	0	0	2	0	0	0	0	0	0	0	7	0	0	0	0	0	0	0	0	0	15

15	assemblage-403-242	0	0	0	0	0	0	0	0	0	0	0	0	0	436	0	0	0	0	0	0	0	0	0	0	0	0	0	0	0	0	0	0	0	0	0	0	0	0	0	0	0	0	0	0	0	0	8	0	0	0	0	0	0	0	0	0	0	0	7	0	0	0	0	0	1	0	0	0	0	0	0	0	0	0	0	0	0	0	0	38	0	0	0	0	0	10
15	assemblage-863-488	0	0	0	0	0	0	0	0	0	0	0	0	0	307	0	0	15	0	0	0	0	0	0	0	0	0	0	0	0	0	0	0	0	0	0	0	0	0	0	0	0	0	0	0	0	0	105	0	0	0	0	0	0	0	0	0	0	0	28	0	0	0	0	0	0	8	0	0	0	0	0	0	0	0	0	0	0	0	0	17	0	0	0	0	0	20
15	assemblage-816-430	0	0	0	16	0	34	44	0	0	0	0	0	0	0	0	0	0	0	43	0	0	0	0	0	0	0	0	0	0	0	0	0	0	4	0	99	0	0	0	0	0	0	0	0	0	0	0	0	0	52	0	0	0	0	0	0	0	0	191	0	0	0	0	0	0	0	0	0	0	0	0	0	0	0	0	0	0	0	0	0	0	0	0	0	0	17

16	assemblage-403-242	0	0	0	0	0	0	0	0	0	0	0	0	0	436	0	0	0	0	0	0	0	0	0	0	0	0	0	0	0	0	0	0	0	0	0	0	0	0	0	0	0	0	0	0	0	0	8	0	0	0	0	0	0	0	0	0	0	0	7	0	0	0	0	0	1	0	0	0	0	0	0	0	0	0	0	0	0	0	0	38	0	0	0	0	0	10
16	assemblage-863-488	0	0	0	0	0	0	0	0	0	0	0	0	0	307	0	0	15	0	0	0	0	0	0	0	0	0	0	0	0	0	0	0	0	0	0	0	0	0	0	0	0	0	0	0	0	0	105	0	0	0	0	0	0	0	0	0	0	0	28	0	0	0	0	0	0	8	0	0	0	0	0	0	0	0	0	0	0	0	0	17	0	0	0	0	0	20
16	assemblage-760-273	0	14	0	0	0	0	161	0	0	0	0	0	0	5	0	0	0	0	55	0	0	0	0	0	0	0	0	0	0	0	0	0	0	0	0	0	0	0	0	0	0	0	0	0	0	0	0	0	0	0	0	60	0	0	0	0	0	0	0	0	0	11	136	0	0	0	0	0	25	0	0	0	0	0	0	0	0	0	0	0	0	0	0	0	14	19

17	assemblage-403-242	0	0	0	0	0	0	0	0	0	0	0	0	0	436	0	0	0	0	0	0	0	0	0	0	0	0	0	0	0	0	0	0	0	0	0	0	0	0	0	0	0	0	0	0	0	0	8	0	0	0	0	0	0	0	0	0	0	0	7	0	0	0	0	0	1	0	0	0	0	0	0	0	0	0	0	0	0	0	0	38	0	0	0	0	0	10
17	assemblage-863-488	0	0	0	0	0	0	0	0	0	0	0	0	0	307	0	0	15	0	0	0	0	0	0	0	0	0	0	0	0	0	0	0	0	0	0	0	0	0	0	0	0	0	0	0	0	0	105	0	0	0	0	0	0	0	0	0	0	0	28	0	0	0	0	0	0	8	0	0	0	0	0	0	0	0	0	0	0	0	0	17	0	0	0	0	0	20
17	assemblage-920-647	0	0	0	0	0	0	0	0	0	0	0	0	0	0	0	0	0	0	0	0	0	8	0	9	0	0	63	0	0	0	0	0	0	0	0	0	0	173	0	0	0	0	0	0	0	0	0	0	0	0	0	0	0	0	0	0	0	0	0	0	0	0	0	0	0	0	0	0	0	0	0	0	0	0	0	168	0	53	0	0	0	0	10	0	0	16

18	assemblage-129-651	0	0	0	0	0	0	0	0	0	0	0	0	0	0	0	0	0	0	3	0	0	0	0	0	72	0	0	0	0	13	0	0	0	0	0	0	0	0	0	0	60	268	0	0	0	0	0	0	0	0	52	0	0	0	0	0	0	0	0	0	0	0	0	0	0	0	0	0	0	0	0	0	0	11	0	0	0	0	0	0	0	0	0	0	0	21
18	assemblage-760-273	0	14	0	0	0	0	161	0	0	0	0	0	0	5	0	0	0	0	55	0	0	0	0	0	0	0	0	0	0	0	0	0	0	0	0	0	0	0	0	0	0	0	0	0	0	0	0	0	0	0	0	60	0	0	0	0	0	0	0	0	0	11	136	0	0	0	0	0	25	0	0	0	0	0	0	0	0	0	0	0	0	0	0	0	14	19
18	assemblage-593-369	0	0	0	0	10	0	0	0	0	0	36	0	0	0	0	0	0	0	0	0	13	0	0	0	0	0	0	0	0	0	0	0	0	0	0	0	0	0	0	0	0	0	0	0	0	0	0	0	0	32	0	0	0	0	0	0	0	0	136	0	0	0	0	0	0	0	0	0	0	0	0	0	0	0	0	0	0	0	0	240	0	11	0	0	0	22

19	assemblage-129-651	0	0	0	0	0	0	0	0	0	0	0	0	0	0	0	0	0	0	3	0	0	0	0	0	72	0	0	0	0	13	0	0	0	0	0	0	0	0	0	0	60	268	0	0	0	0	0	0	0	0	52	0	0	0	0	0	0	0	0	0	0	0	0	0	0	0	0	0	0	0	0	0	0	11	0	0	0	0	0	0	0	0	0	0	0	21
19	assemblage-760-273	0	14	0	0	0	0	161	0	0	0	0	0	0	5	0	0	0	0	55	0	0	0	0	0	0	0	0	0	0	0	0	0	0	0	0	0	0	0	0	0	0	0	0	0	0	0	0	0	0	0	0	60	0	0	0	0	0	0	0	0	0	11	136	0	0	0	0	0	25	0	0	0	0	0	0	0	0	0	0	0	0	0	0	0	14	19
19	assemblage-816-430	0	0	0	16	0	34	44	0	0	0	0	0	0	0	0	0	0	0	43	0	0	0	0	0	0	0	0	0	0	0	0	0	0	4	0	99	0	0	0	0	0	0	0	0	0	0	0	0	0	52	0	0	0	0	0	0	0	0	191	0	0	0	0	0	0	0	0	0	0	0	0	0	0	0	0	0	0	0	0	0	0	0	0	0	0	17

20	assemblage-129-651	0	0	0	0	0	0	0	0	0	0	0	0	0	0	0	0	0	0	3	0	0	0	0	0	72	0	0	0	0	13	0	0	0	0	0	0	0	0	0	0	60	268	0	0	0	0	0	0	0	0	52	0	0	0	0	0	0	0	0	0	0	0	0	0	0	0	0	0	0	0	0	0	0	11	0	0	0	0	0	0	0	0	0	0	0	21
20	assemblage-863-488	0	0	0	0	0	0	0	0	0	0	0	0	0	307	0	0	15	0	0	0	0	0	0	0	0	0	0	0	0	0	0	0	0	0	0	0	0	0	0	0	0	0	0	0	0	0	105	0	0	0	0	0	0	0	0	0	0	0	28	0	0	0	0	0	0	8	0	0	0	0	0	0	0	0	0	0	0	0	0	17	0	0	0	0	0	20
20	assemblage-593-369	0	0	0	0	10	0	0	0	0	0	36	0	0	0	0	0	0	0	0	0	13	0	0	0	0	0	0	0	0	0	0	0	0	0	0	0	0	0	0	0	0	0	0	0	0	0	0	0	0	32	0	0	0	0	0	0	0	0	136	0	0	0	0	0	0	0	0	0	0	0	0	0	0	0	0	0	0	0	0	240	0	11	0	0	0	22

21	assemblage-129-651	0	0	0	0	0	0	0	0	0	0	0	0	0	0	0	0	0	0	3	0	0	0	0	0	72	0	0	0	0	13	0	0	0	0	0	0	0	0	0	0	60	268	0	0	0	0	0	0	0	0	52	0	0	0	0	0	0	0	0	0	0	0	0	0	0	0	0	0	0	0	0	0	0	11	0	0	0	0	0	0	0	0	0	0	0	21
21	assemblage-863-488	0	0	0	0	0	0	0	0	0	0	0	0	0	307	0	0	15	0	0	0	0	0	0	0	0	0	0	0	0	0	0	0	0	0	0	0	0	0	0	0	0	0	0	0	0	0	105	0	0	0	0	0	0	0	0	0	0	0	28	0	0	0	0	0	0	8	0	0	0	0	0	0	0	0	0	0	0	0	0	17	0	0	0	0	0	20
21	assemblage-920-647	0	0	0	0	0	0	0	0	0	0	0	0	0	0	0	0	0	0	0	0	0	8	0	9	0	0	63	0	0	0	0	0	0	0	0	0	0	173	0	0	0	0	0	0	0	0	0	0	0	0	0	0	0	0	0	0	0	0	0	0	0	0	0	0	0	0	0	0	0	0	0	0	0	0	0	168	0	53	0	0	0	0	10	0	0	16

22	assemblage-266-233	0	0	0	0	4	0	0	0	0	0	0	0	0	366	0	0	0	0	0	0	0	0	0	0	0	0	0	0	7	0	0	0	0	0	0	0	0	0	0	0	0	0	0	0	46	0	0	0	0	4	0	0	0	0	5	0	0	0	42	0	0	0	0	0	0	0	0	0	0	0	0	0	0	0	0	0	0	0	0	0	0	0	0	0	0	26
22	assemblage-593-369	0	0	0	0	10	0	0	0	0	0	36	0	0	0	0	0	0	0	0	0	13	0	0	0	0	0	0	0	0	0	0	0	0	0	0	0	0	0	0	0	0	0	0	0	0	0	0	0	0	32	0	0	0	0	0	0	0	0	136	0	0	0	0	0	0	0	0	0	0	0	0	0	0	0	0	0	0	0	0	240	0	11	0	0	0	22
22	assemblage-254-702	0	0	0	0	0	0	0	0	10	0	0	0	0	0	0	0	0	0	408	0	0	24	0	0	0	11	0	0	0	0	0	0	0	0	0	0	0	0	0	0	0	23	0	0	0	0	0	0	0	0	0	0	0	0	0	0	0	0	0	0	0	0	0	0	0	0	0	2	0	0	0	0	0	0	0	7	0	0	0	0	0	0	0	0	0	15

23	assemblage-266-233	0	0	0	0	4	0	0	0	0	0	0	0	0	366	0	0	0	0	0	0	0	0	0	0	0	0	0	0	7	0	0	0	0	0	0	0	0	0	0	0	0	0	0	0	46	0	0	0	0	4	0	0	0	0	5	0	0	0	42	0	0	0	0	0	0	0	0	0	0	0	0	0	0	0	0	0	0	0	0	0	0	0	0	0	0	26
23	assemblage-816-430	0	0	0	16	0	34	44	0	0	0	0	0	0	0	0	0	0	0	43	0	0	0	0	0	0	0	0	0	0	0	0	0	0	4	0	99	0	0	0	0	0	0	0	0	0	0	0	0	0	52	0	0	0	0	0	0	0	0	191	0	0	0	0	0	0	0	0	0	0	0	0	0	0	0	0	0	0	0	0	0	0	0	0	0	0	17
23	assemblage-254-702	0	0	0	0	0	0	0	0	10	0	0	0	0	0	0	0	0	0	408	0	0	24	0	0	0	11	0	0	0	0	0	0	0	0	0	0	0	0	0	0	0	23	0	0	0	0	0	0	0	0	0	0	0	0	0	0	0	0	0	0	0	0	0	0	0	0	0	2	0	0	0	0	0	0	0	7	0	0	0	0	0	0	0	0	0	15

24	assemblage-266-233	0	0	0	0	4	0	0	0	0	0	0	0	0	366	0	0	0	0	0	0	0	0	0	0	0	0	0	0	7	0	0	0	0	0	0	0	0	0	0	0	0	0	0	0	46	0	0	0	0	4	0	0	0	0	5	0	0	0	42	0	0	0	0	0	0	0	0	0	0	0	0	0	0	0	0	0	0	0	0	0	0	0	0	0	0	26
24	assemblage-760-273	0	14	0	0	0	0	161	0	0	0	0	0	0	5	0	0	0	0	55	0	0	0	0	0	0	0	0	0	0	0	0	0	0	0	0	0	0	0	0	0	0	0	0	0	0	0	0	0	0	0	0	60	0	0	0	0	0	0	0	0	0	11	136	0	0	0	0	0	25	0	0	0	0	0	0	0	0	0	0	0	0	0	0	0	14	19
24	assemblage-254-702	0	0	0	0	0	0	0	0	10	0	0	0	0	0	0	0	0	0	408	0	0	24	0	0	0	11	0	0	0	0	0	0	0	0	0	0	0	0	0	0	0	23	0	0	0	0	0	0	0	0	0	0	0	0	0	0	0	0	0	0	0	0	0	0	0	0	0	2	0	0	0	0	0	0	0	7	0	0	0	0	0	0	0	0	0	15

25	assemblage-266-233	0	0	0	0	4	0	0	0	0	0	0	0	0	366	0	0	0	0	0	0	0	0	0	0	0	0	0	0	7	0	0	0	0	0	0	0	0	0	0	0	0	0	0	0	46	0	0	0	0	4	0	0	0	0	5	0	0	0	42	0	0	0	0	0	0	0	0	0	0	0	0	0	0	0	0	0	0	0	0	0	0	0	0	0	0	26
25	assemblage-920-647	0	0	0	0	0	0	0	0	0	0	0	0	0	0	0	0	0	0	0	0	0	8	0	9	0	0	63	0	0	0	0	0	0	0	0	0	0	173	0	0	0	0	0	0	0	0	0	0	0	0	0	0	0	0	0	0	0	0	0	0	0	0	0	0	0	0	0	0	0	0	0	0	0	0	0	168	0	53	0	0	0	0	10	0	0	16
25	assemblage-254-702	0	0	0	0	0	0	0	0	10	0	0	0	0	0	0	0	0	0	408	0	0	24	0	0	0	11	0	0	0	0	0	0	0	0	0	0	0	0	0	0	0	23	0	0	0	0	0	0	0	0	0	0	0	0	0	0	0	0	0	0	0	0	0	0	0	0	0	2	0	0	0	0	0	0	0	7	0	0	0	0	0	0	0	0	0	15

26	assemblage-266-233	0	0	0	0	4	0	0	0	0	0	0	0	0	366	0	0	0	0	0	0	0	0	0	0	0	0	0	0	7	0	0	0	0	0	0	0	0	0	0	0	0	0	0	0	46	0	0	0	0	4	0	0	0	0	5	0	0	0	42	0	0	0	0	0	0	0	0	0	0	0	0	0	0	0	0	0	0	0	0	0	0	0	0	0	0	26
26	assemblage-863-488	0	0	0	0	0	0	0	0	0	0	0	0	0	307	0	0	15	0	0	0	0	0	0	0	0	0	0	0	0	0	0	0	0	0	0	0	0	0	0	0	0	0	0	0	0	0	105	0	0	0	0	0	0	0	0	0	0	0	28	0	0	0	0	0	0	8	0	0	0	0	0	0	0	0	0	0	0	0	0	17	0	0	0	0	0	20
26	assemblage-254-702	0	0	0	0	0	0	0	0	10	0	0	0	0	0	0	0	0	0	408	0	0	24	0	0	0	11	0	0	0	0	0	0	0	0	0	0	0	0	0	0	0	23	0	0	0	0	0	0	0	0	0	0	0	0	0	0	0	0	0	0	0	0	0	0	0	0	0	2	0	0	0	0	0	0	0	7	0	0	0	0	0	0	0	0	0	15

27	assemblage-266-233	0	0	0	0	4	0	0	0	0	0	0	0	0	366	0	0	0	0	0	0	0	0	0	0	0	0	0	0	7	0	0	0	0	0	0	0	0	0	0	0	0	0	0	0	46	0	0	0	0	4	0	0	0	0	5	0	0	0	42	0	0	0	0	0	0	0	0	0	0	0	0	0	0	0	0	0	0	0	0	0	0	0	0	0	0	26
27	assemblage-863-488	0	0	0	0	0	0	0	0	0	0	0	0	0	307	0	0	15	0	0	0	0	0	0	0	0	0	0	0	0	0	0	0	0	0	0	0	0	0	0	0	0	0	0	0	0	0	105	0	0	0	0	0	0	0	0	0	0	0	28	0	0	0	0	0	0	8	0	0	0	0	0	0	0	0	0	0	0	0	0	17	0	0	0	0	0	20
27	assemblage-760-273	0	14	0	0	0	0	161	0	0	0	0	0	0	5	0	0	0	0	55	0	0	0	0	0	0	0	0	0	0	0	0	0	0	0	0	0	0	0	0	0	0	0	0	0	0	0	0	0	0	0	0	60	0	0	0	0	0	0	0	0	0	11	136	0	0	0	0	0	25	0	0	0	0	0	0	0	0	0	0	0	0	0	0	0	14	19

28	assemblage-266-233	0	0	0	0	4	0	0	0	0	0	0	0	0	366	0	0	0	0	0	0	0	0	0	0	0	0	0	0	7	0	0	0	0	0	0	0	0	0	0	0	0	0	0	0	46	0	0	0	0	4	0	0	0	0	5	0	0	0	42	0	0	0	0	0	0	0	0	0	0	0	0	0	0	0	0	0	0	0	0	0	0	0	0	0	0	26
28	assemblage-863-488	0	0	0	0	0	0	0	0	0	0	0	0	0	307	0	0	15	0	0	0	0	0	0	0	0	0	0	0	0	0	0	0	0	0	0	0	0	0	0	0	0	0	0	0	0	0	105	0	0	0	0	0	0	0	0	0	0	0	28	0	0	0	0	0	0	8	0	0	0	0	0	0	0	0	0	0	0	0	0	17	0	0	0	0	0	20
28	assemblage-920-647	0	0	0	0	0	0	0	0	0	0	0	0	0	0	0	0	0	0	0	0	0	8	0	9	0	0	63	0	0	0	0	0	0	0	0	0	0	173	0	0	0	0	0	0	0	0	0	0	0	0	0	0	0	0	0	0	0	0	0	0	0	0	0	0	0	0	0	0	0	0	0	0	0	0	0	168	0	53	0	0	0	0	10	0	0	16

29	assemblage-266-233	0	0	0	0	4	0	0	0	0	0	0	0	0	366	0	0	0	0	0	0	0	0	0	0	0	0	0	0	7	0	0	0	0	0	0	0	0	0	0	0	0	0	0	0	46	0	0	0	0	4	0	0	0	0	5	0	0	0	42	0	0	0	0	0	0	0	0	0	0	0	0	0	0	0	0	0	0	0	0	0	0	0	0	0	0	26
29	assemblage-403-242	0	0	0	0	0	0	0	0	0	0	0	0	0	436	0	0	0	0	0	0	0	0	0	0	0	0	0	0	0	0	0	0	0	0	0	0	0	0	0	0	0	0	0	0	0	0	8	0	0	0	0	0	0	0	0	0	0	0	7	0	0	0	0	0	1	0	0	0	0	0	0	0	0	0	0	0	0	0	0	38	0	0	0	0	0	10
29	assemblage-423-796	22	0	0	0	0	0	0	0	0	0	0	0	0	0	0	0	0	0	201	229	0	0	35	0	0	0	0	0	0	0	0	0	0	0	0	0	0	0	0	0	0	0	4	0	0	0	0	0	0	0	0	0	0	0	0	0	0	0	0	0	0	0	0	0	0	0	0	0	0	0	0	0	0	0	0	0	0	0	0	0	0	0	0	0	0	9

30	assemblage-266-233	0	0	0	0	4	0	0	0	0	0	0	0	0	366	0	0	0	0	0	0	0	0	0	0	0	0	0	0	7	0	0	0	0	0	0	0	0	0	0	0	0	0	0	0	46	0	0	0	0	4	0	0	0	0	5	0	0	0	42	0	0	0	0	0	0	0	0	0	0	0	0	0	0	0	0	0	0	0	0	0	0	0	0	0	0	26
30	assemblage-129-651	0	0	0	0	0	0	0	0	0	0	0	0	0	0	0	0	0	0	3	0	0	0	0	0	72	0	0	0	0	13	0	0	0	0	0	0	0	0	0	0	60	268	0	0	0	0	0	0	0	0	52	0	0	0	0	0	0	0	0	0	0	0	0	0	0	0	0	0	0	0	0	0	0	11	0	0	0	0	0	0	0	0	0	0	0	21
30	assemblage-254-702	0	0	0	0	0	0	0	0	10	0	0	0	0	0	0	0	0	0	408	0	0	24	0	0	0	11	0	0	0	0	0	0	0	0	0	0	0	0	0	0	0	23	0	0	0	0	0	0	0	0	0	0	0	0	0	0	0	0	0	0	0	0	0	0	0	0	0	2	0	0	0	0	0	0	0	7	0	0	0	0	0	0	0	0	0	15

31	assemblage-266-233	0	0	0	0	4	0	0	0	0	0	0	0	0	366	0	0	0	0	0	0	0	0	0	0	0	0	0	0	7	0	0	0	0	0	0	0	0	0	0	0	0	0	0	0	46	0	0	0	0	4	0	0	0	0	5	0	0	0	42	0	0	0	0	0	0	0	0	0	0	0	0	0	0	0	0	0	0	0	0	0	0	0	0	0	0	26
31	assemblage-129-651	0	0	0	0	0	0	0	0	0	0	0	0	0	0	0	0	0	0	3	0	0	0	0	0	72	0	0	0	0	13	0	0	0	0	0	0	0	0	0	0	60	268	0	0	0	0	0	0	0	0	52	0	0	0	0	0	0	0	0	0	0	0	0	0	0	0	0	0	0	0	0	0	0	11	0	0	0	0	0	0	0	0	0	0	0	21
31	assemblage-920-647	0	0	0	0	0	0	0	0	0	0	0	0	0	0	0	0	0	0	0	0	0	8	0	9	0	0	63	0	0	0	0	0	0	0	0	0	0	173	0	0	0	0	0	0	0	0	0	0	0	0	0	0	0	0	0	0	0	0	0	0	0	0	0	0	0	0	0	0	0	0	0	0	0	0	0	168	0	53	0	0	0	0	10	0	0	16

32	assemblage-266-233	0	0	0	0	4	0	0	0	0	0	0	0	0	366	0	0	0	0	0	0	0	0	0	0	0	0	0	0	7	0	0	0	0	0	0	0	0	0	0	0	0	0	0	0	46	0	0	0	0	4	0	0	0	0	5	0	0	0	42	0	0	0	0	0	0	0	0	0	0	0	0	0	0	0	0	0	0	0	0	0	0	0	0	0	0	26
32	assemblage-129-651	0	0	0	0	0	0	0	0	0	0	0	0	0	0	0	0	0	0	3	0	0	0	0	0	72	0	0	0	0	13	0	0	0	0	0	0	0	0	0	0	60	268	0	0	0	0	0	0	0	0	52	0	0	0	0	0	0	0	0	0	0	0	0	0	0	0	0	0	0	0	0	0	0	11	0	0	0	0	0	0	0	0	0	0	0	21
32	assemblage-423-796	22	0	0	0	0	0	0	0	0	0	0	0	0	0	0	0	0	0	201	229	0	0	35	0	0	0	0	0	0	0	0	0	0	0	0	0	0	0	0	0	0	0	4	0	0	0	0	0	0	0	0	0	0	0	0	0	0	0	0	0	0	0	0	0	0	0	0	0	0	0	0	0	0	0	0	0	0	0	0	0	0	0	0	0	0	9

33	assemblage-639-223	0	0	0	0	0	0	203	0	0	0	0	0	0	0	0	0	0	10	232	0	0	0	0	0	0	0	0	0	0	0	0	5	0	0	0	0	0	0	0	0	0	0	0	0	0	0	0	0	0	0	0	0	0	0	0	0	0	0	0	0	0	3	19	0	0	0	9	0	0	0	0	0	0	0	0	0	0	0	0	0	0	0	0	0	0	19
33	assemblage-816-430	0	0	0	16	0	34	44	0	0	0	0	0	0	0	0	0	0	0	43	0	0	0	0	0	0	0	0	0	0	0	0	0	0	4	0	99	0	0	0	0	0	0	0	0	0	0	0	0	0	52	0	0	0	0	0	0	0	0	191	0	0	0	0	0	0	0	0	0	0	0	0	0	0	0	0	0	0	0	0	0	0	0	0	0	0	17
33	assemblage-593-369	0	0	0	0	10	0	0	0	0	0	36	0	0	0	0	0	0	0	0	0	13	0	0	0	0	0	0	0	0	0	0	0	0	0	0	0	0	0	0	0	0	0	0	0	0	0	0	0	0	32	0	0	0	0	0	0	0	0	136	0	0	0	0	0	0	0	0	0	0	0	0	0	0	0	0	0	0	0	0	240	0	11	0	0	0	22

34	assemblage-639-223	0	0	0	0	0	0	203	0	0	0	0	0	0	0	0	0	0	10	232	0	0	0	0	0	0	0	0	0	0	0	0	5	0	0	0	0	0	0	0	0	0	0	0	0	0	0	0	0	0	0	0	0	0	0	0	0	0	0	0	0	0	3	19	0	0	0	9	0	0	0	0	0	0	0	0	0	0	0	0	0	0	0	0	0	0	19
34	assemblage-760-273	0	14	0	0	0	0	161	0	0	0	0	0	0	5	0	0	0	0	55	0	0	0	0	0	0	0	0	0	0	0	0	0	0	0	0	0	0	0	0	0	0	0	0	0	0	0	0	0	0	0	0	60	0	0	0	0	0	0	0	0	0	11	136	0	0	0	0	0	25	0	0	0	0	0	0	0	0	0	0	0	0	0	0	0	14	19
34	assemblage-593-369	0	0	0	0	10	0	0	0	0	0	36	0	0	0	0	0	0	0	0	0	13	0	0	0	0	0	0	0	0	0	0	0	0	0	0	0	0	0	0	0	0	0	0	0	0	0	0	0	0	32	0	0	0	0	0	0	0	0	136	0	0	0	0	0	0	0	0	0	0	0	0	0	0	0	0	0	0	0	0	240	0	11	0	0	0	22

35	assemblage-639-223	0	0	0	0	0	0	203	0	0	0	0	0	0	0	0	0	0	10	232	0	0	0	0	0	0	0	0	0	0	0	0	5	0	0	0	0	0	0	0	0	0	0	0	0	0	0	0	0	0	0	0	0	0	0	0	0	0	0	0	0	0	3	19	0	0	0	9	0	0	0	0	0	0	0	0	0	0	0	0	0	0	0	0	0	0	19
35	assemblage-760-273	0	14	0	0	0	0	161	0	0	0	0	0	0	5	0	0	0	0	55	0	0	0	0	0	0	0	0	0	0	0	0	0	0	0	0	0	0	0	0	0	0	0	0	0	0	0	0	0	0	0	0	60	0	0	0	0	0	0	0	0	0	11	136	0	0	0	0	0	25	0	0	0	0	0	0	0	0	0	0	0	0	0	0	0	14	19
35	assemblage-816-430	0	0	0	16	0	34	44	0	0	0	0	0	0	0	0	0	0	0	43	0	0	0	0	0	0	0	0	0	0	0	0	0	0	4	0	99	0	0	0	0	0	0	0	0	0	0	0	0	0	52	0	0	0	0	0	0	0	0	191	0	0	0	0	0	0	0	0	0	0	0	0	0	0	0	0	0	0	0	0	0	0	0	0	0	0	17

36	assemblage-639-223	0	0	0	0	0	0	203	0	0	0	0	0	0	0	0	0	0	10	232	0	0	0	0	0	0	0	0	0	0	0	0	5	0	0	0	0	0	0	0	0	0	0	0	0	0	0	0	0	0	0	0	0	0	0	0	0	0	0	0	0	0	3	19	0	0	0	9	0	0	0	0	0	0	0	0	0	0	0	0	0	0	0	0	0	0	19
36	assemblage-863-488	0	0	0	0	0	0	0	0	0	0	0	0	0	307	0	0	15	0	0	0	0	0	0	0	0	0	0	0	0	0	0	0	0	0	0	0	0	0	0	0	0	0	0	0	0	0	105	0	0	0	0	0	0	0	0	0	0	0	28	0	0	0	0	0	0	8	0	0	0	0	0	0	0	0	0	0	0	0	0	17	0	0	0	0	0	20
36	assemblage-593-369	0	0	0	0	10	0	0	0	0	0	36	0	0	0	0	0	0	0	0	0	13	0	0	0	0	0	0	0	0	0	0	0	0	0	0	0	0	0	0	0	0	0	0	0	0	0	0	0	0	32	0	0	0	0	0	0	0	0	136	0	0	0	0	0	0	0	0	0	0	0	0	0	0	0	0	0	0	0	0	240	0	11	0	0	0	22

37	assemblage-639-223	0	0	0	0	0	0	203	0	0	0	0	0	0	0	0	0	0	10	232	0	0	0	0	0	0	0	0	0	0	0	0	5	0	0	0	0	0	0	0	0	0	0	0	0	0	0	0	0	0	0	0	0	0	0	0	0	0	0	0	0	0	3	19	0	0	0	9	0	0	0	0	0	0	0	0	0	0	0	0	0	0	0	0	0	0	19
37	assemblage-863-488	0	0	0	0	0	0	0	0	0	0	0	0	0	307	0	0	15	0	0	0	0	0	0	0	0	0	0	0	0	0	0	0	0	0	0	0	0	0	0	0	0	0	0	0	0	0	105	0	0	0	0	0	0	0	0	0	0	0	28	0	0	0	0	0	0	8	0	0	0	0	0	0	0	0	0	0	0	0	0	17	0	0	0	0	0	20
37	assemblage-920-647	0	0	0	0	0	0	0	0	0	0	0	0	0	0	0	0	0	0	0	0	0	8	0	9	0	0	63	0	0	0	0	0	0	0	0	0	0	173	0	0	0	0	0	0	0	0	0	0	0	0	0	0	0	0	0	0	0	0	0	0	0	0	0	0	0	0	0	0	0	0	0	0	0	0	0	168	0	53	0	0	0	0	10	0	0	16

38	assemblage-639-223	0	0	0	0	0	0	203	0	0	0	0	0	0	0	0	0	0	10	232	0	0	0	0	0	0	0	0	0	0	0	0	5	0	0	0	0	0	0	0	0	0	0	0	0	0	0	0	0	0	0	0	0	0	0	0	0	0	0	0	0	0	3	19	0	0	0	9	0	0	0	0	0	0	0	0	0	0	0	0	0	0	0	0	0	0	19
38	assemblage-129-651	0	0	0	0	0	0	0	0	0	0	0	0	0	0	0	0	0	0	3	0	0	0	0	0	72	0	0	0	0	13	0	0	0	0	0	0	0	0	0	0	60	268	0	0	0	0	0	0	0	0	52	0	0	0	0	0	0	0	0	0	0	0	0	0	0	0	0	0	0	0	0	0	0	11	0	0	0	0	0	0	0	0	0	0	0	21
38	assemblage-593-369	0	0	0	0	10	0	0	0	0	0	36	0	0	0	0	0	0	0	0	0	13	0	0	0	0	0	0	0	0	0	0	0	0	0	0	0	0	0	0	0	0	0	0	0	0	0	0	0	0	32	0	0	0	0	0	0	0	0	136	0	0	0	0	0	0	0	0	0	0	0	0	0	0	0	0	0	0	0	0	240	0	11	0	0	0	22

39	assemblage-639-223	0	0	0	0	0	0	203	0	0	0	0	0	0	0	0	0	0	10	232	0	0	0	0	0	0	0	0	0	0	0	0	5	0	0	0	0	0	0	0	0	0	0	0	0	0	0	0	0	0	0	0	0	0	0	0	0	0	0	0	0	0	3	19	0	0	0	9	0	0	0	0	0	0	0	0	0	0	0	0	0	0	0	0	0	0	19
39	assemblage-129-651	0	0	0	0	0	0	0	0	0	0	0	0	0	0	0	0	0	0	3	0	0	0	0	0	72	0	0	0	0	13	0	0	0	0	0	0	0	0	0	0	60	268	0	0	0	0	0	0	0	0	52	0	0	0	0	0	0	0	0	0	0	0	0	0	0	0	0	0	0	0	0	0	0	11	0	0	0	0	0	0	0	0	0	0	0	21
39	assemblage-920-647	0	0	0	0	0	0	0	0	0	0	0	0	0	0	0	0	0	0	0	0	0	8	0	9	0	0	63	0	0	0	0	0	0	0	0	0	0	173	0	0	0	0	0	0	0	0	0	0	0	0	0	0	0	0	0	0	0	0	0	0	0	0	0	0	0	0	0	0	0	0	0	0	0	0	0	168	0	53	0	0	0	0	10	0	0	16

40	assemblage-639-223	0	0	0	0	0	0	203	0	0	0	0	0	0	0	0	0	0	10	232	0	0	0	0	0	0	0	0	0	0	0	0	5	0	0	0	0	0	0	0	0	0	0	0	0	0	0	0	0	0	0	0	0	0	0	0	0	0	0	0	0	0	3	19	0	0	0	9	0	0	0	0	0	0	0	0	0	0	0	0	0	0	0	0	0	0	19
40	assemblage-129-651	0	0	0	0	0	0	0	0	0	0	0	0	0	0	0	0	0	0	3	0	0	0	0	0	72	0	0	0	0	13	0	0	0	0	0	0	0	0	0	0	60	268	0	0	0	0	0	0	0	0	52	0	0	0	0	0	0	0	0	0	0	0	0	0	0	0	0	0	0	0	0	0	0	11	0	0	0	0	0	0	0	0	0	0	0	21
40	assemblage-863-488	0	0	0	0	0	0	0	0	0	0	0	0	0	307	0	0	15	0	0	0	0	0	0	0	0	0	0	0	0	0	0	0	0	0	0	0	0	0	0	0	0	0	0	0	0	0	105	0	0	0	0	0	0	0	0	0	0	0	28	0	0	0	0	0	0	8	0	0	0	0	0	0	0	0	0	0	0	0	0	17	0	0	0	0	0	20

41	assemblage-639-223	0	0	0	0	0	0	203	0	0	0	0	0	0	0	0	0	0	10	232	0	0	0	0	0	0	0	0	0	0	0	0	5	0	0	0	0	0	0	0	0	0	0	0	0	0	0	0	0	0	0	0	0	0	0	0	0	0	0	0	0	0	3	19	0	0	0	9	0	0	0	0	0	0	0	0	0	0	0	0	0	0	0	0	0	0	19
41	assemblage-129-651	0	0	0	0	0	0	0	0	0	0	0	0	0	0	0	0	0	0	3	0	0	0	0	0	72	0	0	0	0	13	0	0	0	0	0	0	0	0	0	0	60	268	0	0	0	0	0	0	0	0	52	0	0	0	0	0	0	0	0	0	0	0	0	0	0	0	0	0	0	0	0	0	0	11	0	0	0	0	0	0	0	0	0	0	0	21
41	assemblage-403-242	0	0	0	0	0	0	0	0	0	0	0	0	0	436	0	0	0	0	0	0	0	0	0	0	0	0	0	0	0	0	0	0	0	0	0	0	0	0	0	0	0	0	0	0	0	0	8	0	0	0	0	0	0	0	0	0	0	0	7	0	0	0	0	0	1	0	0	0	0	0	0	0	0	0	0	0	0	0	0	38	0	0	0	0	0	10

42	assemblage-639-223	0	0	0	0	0	0	203	0	0	0	0	0	0	0	0	0	0	10	232	0	0	0	0	0	0	0	0	0	0	0	0	5	0	0	0	0	0	0	0	0	0	0	0	0	0	0	0	0	0	0	0	0	0	0	0	0	0	0	0	0	0	3	19	0	0	0	9	0	0	0	0	0	0	0	0	0	0	0	0	0	0	0	0	0	0	19
42	assemblage-266-233	0	0	0	0	4	0	0	0	0	0	0	0	0	366	0	0	0	0	0	0	0	0	0	0	0	0	0	0	7	0	0	0	0	0	0	0	0	0	0	0	0	0	0	0	46	0	0	0	0	4	0	0	0	0	5	0	0	0	42	0	0	0	0	0	0	0	0	0	0	0	0	0	0	0	0	0	0	0	0	0	0	0	0	0	0	26
42	assemblage-593-369	0	0	0	0	10	0	0	0	0	0	36	0	0	0	0	0	0	0	0	0	13	0	0	0	0	0	0	0	0	0	0	0	0	0	0	0	0	0	0	0	0	0	0	0	0	0	0	0	0	32	0	0	0	0	0	0	0	0	136	0	0	0	0	0	0	0	0	0	0	0	0	0	0	0	0	0	0	0	0	240	0	11	0	0	0	22

43	assemblage-639-223	0	0	0	0	0	0	203	0	0	0	0	0	0	0	0	0	0	10	232	0	0	0	0	0	0	0	0	0	0	0	0	5	0	0	0	0	0	0	0	0	0	0	0	0	0	0	0	0	0	0	0	0	0	0	0	0	0	0	0	0	0	3	19	0	0	0	9	0	0	0	0	0	0	0	0	0	0	0	0	0	0	0	0	0	0	19
43	assemblage-266-233	0	0	0	0	4	0	0	0	0	0	0	0	0	366	0	0	0	0	0	0	0	0	0	0	0	0	0	0	7	0	0	0	0	0	0	0	0	0	0	0	0	0	0	0	46	0	0	0	0	4	0	0	0	0	5	0	0	0	42	0	0	0	0	0	0	0	0	0	0	0	0	0	0	0	0	0	0	0	0	0	0	0	0	0	0	26
43	assemblage-920-647	0	0	0	0	0	0	0	0	0	0	0	0	0	0	0	0	0	0	0	0	0	8	0	9	0	0	63	0	0	0	0	0	0	0	0	0	0	173	0	0	0	0	0	0	0	0	0	0	0	0	0	0	0	0	0	0	0	0	0	0	0	0	0	0	0	0	0	0	0	0	0	0	0	0	0	168	0	53	0	0	0	0	10	0	0	16

44	assemblage-639-223	0	0	0	0	0	0	203	0	0	0	0	0	0	0	0	0	0	10	232	0	0	0	0	0	0	0	0	0	0	0	0	5	0	0	0	0	0	0	0	0	0	0	0	0	0	0	0	0	0	0	0	0	0	0	0	0	0	0	0	0	0	3	19	0	0	0	9	0	0	0	0	0	0	0	0	0	0	0	0	0	0	0	0	0	0	19
44	assemblage-266-233	0	0	0	0	4	0	0	0	0	0	0	0	0	366	0	0	0	0	0	0	0	0	0	0	0	0	0	0	7	0	0	0	0	0	0	0	0	0	0	0	0	0	0	0	46	0	0	0	0	4	0	0	0	0	5	0	0	0	42	0	0	0	0	0	0	0	0	0	0	0	0	0	0	0	0	0	0	0	0	0	0	0	0	0	0	26
44	assemblage-863-488	0	0	0	0	0	0	0	0	0	0	0	0	0	307	0	0	15	0	0	0	0	0	0	0	0	0	0	0	0	0	0	0	0	0	0	0	0	0	0	0	0	0	0	0	0	0	105	0	0	0	0	0	0	0	0	0	0	0	28	0	0	0	0	0	0	8	0	0	0	0	0	0	0	0	0	0	0	0	0	17	0	0	0	0	0	20

45	assemblage-639-223	0	0	0	0	0	0	203	0	0	0	0	0	0	0	0	0	0	10	232	0	0	0	0	0	0	0	0	0	0	0	0	5	0	0	0	0	0	0	0	0	0	0	0	0	0	0	0	0	0	0	0	0	0	0	0	0	0	0	0	0	0	3	19	0	0	0	9	0	0	0	0	0	0	0	0	0	0	0	0	0	0	0	0	0	0	19
45	assemblage-266-233	0	0	0	0	4	0	0	0	0	0	0	0	0	366	0	0	0	0	0	0	0	0	0	0	0	0	0	0	7	0	0	0	0	0	0	0	0	0	0	0	0	0	0	0	46	0	0	0	0	4	0	0	0	0	5	0	0	0	42	0	0	0	0	0	0	0	0	0	0	0	0	0	0	0	0	0	0	0	0	0	0	0	0	0	0	26
45	assemblage-403-242	0	0	0	0	0	0	0	0	0	0	0	0	0	436	0	0	0	0	0	0	0	0	0	0	0	0	0	0	0	0	0	0	0	0	0	0	0	0	0	0	0	0	0	0	0	0	8	0	0	0	0	0	0	0	0	0	0	0	7	0	0	0	0	0	1	0	0	0	0	0	0	0	0	0	0	0	0	0	0	38	0	0	0	0	0	10

46	assemblage-689-564	0	0	0	0	0	0	0	0	0	0	0	0	0	293	0	0	29	0	0	0	0	0	0	0	0	0	0	0	0	0	0	0	0	0	0	0	0	0	0	0	0	0	0	0	0	0	125	0	0	0	0	0	0	0	0	0	0	0	21	0	0	0	0	0	0	3	0	0	0	0	0	0	0	0	0	0	5	0	0	14	0	0	0	0	0	10
46	assemblage-593-369	0	0	0	0	10	0	0	0	0	0	36	0	0	0	0	0	0	0	0	0	13	0	0	0	0	0	0	0	0	0	0	0	0	0	0	0	0	0	0	0	0	0	0	0	0	0	0	0	0	32	0	0	0	0	0	0	0	0	136	0	0	0	0	0	0	0	0	0	0	0	0	0	0	0	0	0	0	0	0	240	0	11	0	0	0	22
46	assemblage-254-702	0	0	0	0	0	0	0	0	10	0	0	0	0	0	0	0	0	0	408	0	0	24	0	0	0	11	0	0	0	0	0	0	0	0	0	0	0	0	0	0	0	23	0	0	0	0	0	0	0	0	0	0	0	0	0	0	0	0	0	0	0	0	0	0	0	0	0	2	0	0	0	0	0	0	0	7	0	0	0	0	0	0	0	0	0	15

47	assemblage-689-564	0	0	0	0	0	0	0	0	0	0	0	0	0	293	0	0	29	0	0	0	0	0	0	0	0	0	0	0	0	0	0	0	0	0	0	0	0	0	0	0	0	0	0	0	0	0	125	0	0	0	0	0	0	0	0	0	0	0	21	0	0	0	0	0	0	3	0	0	0	0	0	0	0	0	0	0	5	0	0	14	0	0	0	0	0	10
47	assemblage-816-430	0	0	0	16	0	34	44	0	0	0	0	0	0	0	0	0	0	0	43	0	0	0	0	0	0	0	0	0	0	0	0	0	0	4	0	99	0	0	0	0	0	0	0	0	0	0	0	0	0	52	0	0	0	0	0	0	0	0	191	0	0	0	0	0	0	0	0	0	0	0	0	0	0	0	0	0	0	0	0	0	0	0	0	0	0	17
47	assemblage-254-702	0	0	0	0	0	0	0	0	10	0	0	0	0	0	0	0	0	0	408	0	0	24	0	0	0	11	0	0	0	0	0	0	0	0	0	0	0	0	0	0	0	23	0	0	0	0	0	0	0	0	0	0	0	0	0	0	0	0	0	0	0	0	0	0	0	0	0	2	0	0	0	0	0	0	0	7	0	0	0	0	0	0	0	0	0	15

48	assemblage-689-564	0	0	0	0	0	0	0	0	0	0	0	0	0	293	0	0	29	0	0	0	0	0	0	0	0	0	0	0	0	0	0	0	0	0	0	0	0	0	0	0	0	0	0	0	0	0	125	0	0	0	0	0	0	0	0	0	0	0	21	0	0	0	0	0	0	3	0	0	0	0	0	0	0	0	0	0	5	0	0	14	0	0	0	0	0	10
48	assemblage-760-273	0	14	0	0	0	0	161	0	0	0	0	0	0	5	0	0	0	0	55	0	0	0	0	0	0	0	0	0	0	0	0	0	0	0	0	0	0	0	0	0	0	0	0	0	0	0	0	0	0	0	0	60	0	0	0	0	0	0	0	0	0	11	136	0	0	0	0	0	25	0	0	0	0	0	0	0	0	0	0	0	0	0	0	0	14	19
48	assemblage-254-702	0	0	0	0	0	0	0	0	10	0	0	0	0	0	0	0	0	0	408	0	0	24	0	0	0	11	0	0	0	0	0	0	0	0	0	0	0	0	0	0	0	23	0	0	0	0	0	0	0	0	0	0	0	0	0	0	0	0	0	0	0	0	0	0	0	0	0	2	0	0	0	0	0	0	0	7	0	0	0	0	0	0	0	0	0	15

49	assemblage-689-564	0	0	0	0	0	0	0	0	0	0	0	0	0	293	0	0	29	0	0	0	0	0	0	0	0	0	0	0	0	0	0	0	0	0	0	0	0	0	0	0	0	0	0	0	0	0	125	0	0	0	0	0	0	0	0	0	0	0	21	0	0	0	0	0	0	3	0	0	0	0	0	0	0	0	0	0	5	0	0	14	0	0	0	0	0	10
49	assemblage-920-647	0	0	0	0	0	0	0	0	0	0	0	0	0	0	0	0	0	0	0	0	0	8	0	9	0	0	63	0	0	0	0	0	0	0	0	0	0	173	0	0	0	0	0	0	0	0	0	0	0	0	0	0	0	0	0	0	0	0	0	0	0	0	0	0	0	0	0	0	0	0	0	0	0	0	0	168	0	53	0	0	0	0	10	0	0	16
49	assemblage-254-702	0	0	0	0	0	0	0	0	10	0	0	0	0	0	0	0	0	0	408	0	0	24	0	0	0	11	0	0	0	0	0	0	0	0	0	0	0	0	0	0	0	23	0	0	0	0	0	0	0	0	0	0	0	0	0	0	0	0	0	0	0	0	0	0	0	0	0	2	0	0	0	0	0	0	0	7	0	0	0	0	0	0	0	0	0	15

50	assemblage-689-564	0	0	0	0	0	0	0	0	0	0	0	0	0	293	0	0	29	0	0	0	0	0	0	0	0	0	0	0	0	0	0	0	0	0	0	0	0	0	0	0	0	0	0	0	0	0	125	0	0	0	0	0	0	0	0	0	0	0	21	0	0	0	0	0	0	3	0	0	0	0	0	0	0	0	0	0	5	0	0	14	0	0	0	0	0	10
50	assemblage-863-488	0	0	0	0	0	0	0	0	0	0	0	0	0	307	0	0	15	0	0	0	0	0	0	0	0	0	0	0	0	0	0	0	0	0	0	0	0	0	0	0	0	0	0	0	0	0	105	0	0	0	0	0	0	0	0	0	0	0	28	0	0	0	0	0	0	8	0	0	0	0	0	0	0	0	0	0	0	0	0	17	0	0	0	0	0	20
50	assemblage-254-702	0	0	0	0	0	0	0	0	10	0	0	0	0	0	0	0	0	0	408	0	0	24	0	0	0	11	0	0	0	0	0	0	0	0	0	0	0	0	0	0	0	23	0	0	0	0	0	0	0	0	0	0	0	0	0	0	0	0	0	0	0	0	0	0	0	0	0	2	0	0	0	0	0	0	0	7	0	0	0	0	0	0	0	0	0	15

51	assemblage-689-564	0	0	0	0	0	0	0	0	0	0	0	0	0	293	0	0	29	0	0	0	0	0	0	0	0	0	0	0	0	0	0	0	0	0	0	0	0	0	0	0	0	0	0	0	0	0	125	0	0	0	0	0	0	0	0	0	0	0	21	0	0	0	0	0	0	3	0	0	0	0	0	0	0	0	0	0	5	0	0	14	0	0	0	0	0	10
51	assemblage-863-488	0	0	0	0	0	0	0	0	0	0	0	0	0	307	0	0	15	0	0	0	0	0	0	0	0	0	0	0	0	0	0	0	0	0	0	0	0	0	0	0	0	0	0	0	0	0	105	0	0	0	0	0	0	0	0	0	0	0	28	0	0	0	0	0	0	8	0	0	0	0	0	0	0	0	0	0	0	0	0	17	0	0	0	0	0	20
51	assemblage-816-430	0	0	0	16	0	34	44	0	0	0	0	0	0	0	0	0	0	0	43	0	0	0	0	0	0	0	0	0	0	0	0	0	0	4	0	99	0	0	0	0	0	0	0	0	0	0	0	0	0	52	0	0	0	0	0	0	0	0	191	0	0	0	0	0	0	0	0	0	0	0	0	0	0	0	0	0	0	0	0	0	0	0	0	0	0	17

52	assemblage-689-564	0	0	0	0	0	0	0	0	0	0	0	0	0	293	0	0	29	0	0	0	0	0	0	0	0	0	0	0	0	0	0	0	0	0	0	0	0	0	0	0	0	0	0	0	0	0	125	0	0	0	0	0	0	0	0	0	0	0	21	0	0	0	0	0	0	3	0	0	0	0	0	0	0	0	0	0	5	0	0	14	0	0	0	0	0	10
52	assemblage-863-488	0	0	0	0	0	0	0	0	0	0	0	0	0	307	0	0	15	0	0	0	0	0	0	0	0	0	0	0	0	0	0	0	0	0	0	0	0	0	0	0	0	0	0	0	0	0	105	0	0	0	0	0	0	0	0	0	0	0	28	0	0	0	0	0	0	8	0	0	0	0	0	0	0	0	0	0	0	0	0	17	0	0	0	0	0	20
52	assemblage-760-273	0	14	0	0	0	0	161	0	0	0	0	0	0	5	0	0	0	0	55	0	0	0	0	0	0	0	0	0	0	0	0	0	0	0	0	0	0	0	0	0	0	0	0	0	0	0	0	0	0	0	0	60	0	0	0	0	0	0	0	0	0	11	136	0	0	0	0	0	25	0	0	0	0	0	0	0	0	0	0	0	0	0	0	0	14	19

53	assemblage-689-564	0	0	0	0	0	0	0	0	0	0	0	0	0	293	0	0	29	0	0	0	0	0	0	0	0	0	0	0	0	0	0	0	0	0	0	0	0	0	0	0	0	0	0	0	0	0	125	0	0	0	0	0	0	0	0	0	0	0	21	0	0	0	0	0	0	3	0	0	0	0	0	0	0	0	0	0	5	0	0	14	0	0	0	0	0	10
53	assemblage-863-488	0	0	0	0	0	0	0	0	0	0	0	0	0	307	0	0	15	0	0	0	0	0	0	0	0	0	0	0	0	0	0	0	0	0	0	0	0	0	0	0	0	0	0	0	0	0	105	0	0	0	0	0	0	0	0	0	0	0	28	0	0	0	0	0	0	8	0	0	0	0	0	0	0	0	0	0	0	0	0	17	0	0	0	0	0	20
53	assemblage-920-647	0	0	0	0	0	0	0	0	0	0	0	0	0	0	0	0	0	0	0	0	0	8	0	9	0	0	63	0	0	0	0	0	0	0	0	0	0	173	0	0	0	0	0	0	0	0	0	0	0	0	0	0	0	0	0	0	0	0	0	0	0	0	0	0	0	0	0	0	0	0	0	0	0	0	0	168	0	53	0	0	0	0	10	0	0	16

54	assemblage-689-564	0	0	0	0	0	0	0	0	0	0	0	0	0	293	0	0	29	0	0	0	0	0	0	0	0	0	0	0	0	0	0	0	0	0	0	0	0	0	0	0	0	0	0	0	0	0	125	0	0	0	0	0	0	0	0	0	0	0	21	0	0	0	0	0	0	3	0	0	0	0	0	0	0	0	0	0	5	0	0	14	0	0	0	0	0	10
54	assemblage-403-242	0	0	0	0	0	0	0	0	0	0	0	0	0	436	0	0	0	0	0	0	0	0	0	0	0	0	0	0	0	0	0	0	0	0	0	0	0	0	0	0	0	0	0	0	0	0	8	0	0	0	0	0	0	0	0	0	0	0	7	0	0	0	0	0	1	0	0	0	0	0	0	0	0	0	0	0	0	0	0	38	0	0	0	0	0	10
54	assemblage-254-702	0	0	0	0	0	0	0	0	10	0	0	0	0	0	0	0	0	0	408	0	0	24	0	0	0	11	0	0	0	0	0	0	0	0	0	0	0	0	0	0	0	23	0	0	0	0	0	0	0	0	0	0	0	0	0	0	0	0	0	0	0	0	0	0	0	0	0	2	0	0	0	0	0	0	0	7	0	0	0	0	0	0	0	0	0	15

55	assemblage-689-564	0	0	0	0	0	0	0	0	0	0	0	0	0	293	0	0	29	0	0	0	0	0	0	0	0	0	0	0	0	0	0	0	0	0	0	0	0	0	0	0	0	0	0	0	0	0	125	0	0	0	0	0	0	0	0	0	0	0	21	0	0	0	0	0	0	3	0	0	0	0	0	0	0	0	0	0	5	0	0	14	0	0	0	0	0	10
55	assemblage-403-242	0	0	0	0	0	0	0	0	0	0	0	0	0	436	0	0	0	0	0	0	0	0	0	0	0	0	0	0	0	0	0	0	0	0	0	0	0	0	0	0	0	0	0	0	0	0	8	0	0	0	0	0	0	0	0	0	0	0	7	0	0	0	0	0	1	0	0	0	0	0	0	0	0	0	0	0	0	0	0	38	0	0	0	0	0	10
55	assemblage-760-273	0	14	0	0	0	0	161	0	0	0	0	0	0	5	0	0	0	0	55	0	0	0	0	0	0	0	0	0	0	0	0	0	0	0	0	0	0	0	0	0	0	0	0	0	0	0	0	0	0	0	0	60	0	0	0	0	0	0	0	0	0	11	136	0	0	0	0	0	25	0	0	0	0	0	0	0	0	0	0	0	0	0	0	0	14	19

56	assemblage-689-564	0	0	0	0	0	0	0	0	0	0	0	0	0	293	0	0	29	0	0	0	0	0	0	0	0	0	0	0	0	0	0	0	0	0	0	0	0	0	0	0	0	0	0	0	0	0	125	0	0	0	0	0	0	0	0	0	0	0	21	0	0	0	0	0	0	3	0	0	0	0	0	0	0	0	0	0	5	0	0	14	0	0	0	0	0	10
56	assemblage-403-242	0	0	0	0	0	0	0	0	0	0	0	0	0	436	0	0	0	0	0	0	0	0	0	0	0	0	0	0	0	0	0	0	0	0	0	0	0	0	0	0	0	0	0	0	0	0	8	0	0	0	0	0	0	0	0	0	0	0	7	0	0	0	0	0	1	0	0	0	0	0	0	0	0	0	0	0	0	0	0	38	0	0	0	0	0	10
56	assemblage-920-647	0	0	0	0	0	0	0	0	0	0	0	0	0	0	0	0	0	0	0	0	0	8	0	9	0	0	63	0	0	0	0	0	0	0	0	0	0	173	0	0	0	0	0	0	0	0	0	0	0	0	0	0	0	0	0	0	0	0	0	0	0	0	0	0	0	0	0	0	0	0	0	0	0	0	0	168	0	53	0	0	0	0	10	0	0	16

57	assemblage-689-564	0	0	0	0	0	0	0	0	0	0	0	0	0	293	0	0	29	0	0	0	0	0	0	0	0	0	0	0	0	0	0	0	0	0	0	0	0	0	0	0	0	0	0	0	0	0	125	0	0	0	0	0	0	0	0	0	0	0	21	0	0	0	0	0	0	3	0	0	0	0	0	0	0	0	0	0	5	0	0	14	0	0	0	0	0	10
57	assemblage-403-242	0	0	0	0	0	0	0	0	0	0	0	0	0	436	0	0	0	0	0	0	0	0	0	0	0	0	0	0	0	0	0	0	0	0	0	0	0	0	0	0	0	0	0	0	0	0	8	0	0	0	0	0	0	0	0	0	0	0	7	0	0	0	0	0	1	0	0	0	0	0	0	0	0	0	0	0	0	0	0	38	0	0	0	0	0	10
57	assemblage-423-796	22	0	0	0	0	0	0	0	0	0	0	0	0	0	0	0	0	0	201	229	0	0	35	0	0	0	0	0	0	0	0	0	0	0	0	0	0	0	0	0	0	0	4	0	0	0	0	0	0	0	0	0	0	0	0	0	0	0	0	0	0	0	0	0	0	0	0	0	0	0	0	0	0	0	0	0	0	0	0	0	0	0	0	0	0	9

58	assemblage-689-564	0	0	0	0	0	0	0	0	0	0	0	0	0	293	0	0	29	0	0	0	0	0	0	0	0	0	0	0	0	0	0	0	0	0	0	0	0	0	0	0	0	0	0	0	0	0	125	0	0	0	0	0	0	0	0	0	0	0	21	0	0	0	0	0	0	3	0	0	0	0	0	0	0	0	0	0	5	0	0	14	0	0	0	0	0	10
58	assemblage-129-651	0	0	0	0	0	0	0	0	0	0	0	0	0	0	0	0	0	0	3	0	0	0	0	0	72	0	0	0	0	13	0	0	0	0	0	0	0	0	0	0	60	268	0	0	0	0	0	0	0	0	52	0	0	0	0	0	0	0	0	0	0	0	0	0	0	0	0	0	0	0	0	0	0	11	0	0	0	0	0	0	0	0	0	0	0	21
58	assemblage-254-702	0	0	0	0	0	0	0	0	10	0	0	0	0	0	0	0	0	0	408	0	0	24	0	0	0	11	0	0	0	0	0	0	0	0	0	0	0	0	0	0	0	23	0	0	0	0	0	0	0	0	0	0	0	0	0	0	0	0	0	0	0	0	0	0	0	0	0	2	0	0	0	0	0	0	0	7	0	0	0	0	0	0	0	0	0	15

59	assemblage-689-564	0	0	0	0	0	0	0	0	0	0	0	0	0	293	0	0	29	0	0	0	0	0	0	0	0	0	0	0	0	0	0	0	0	0	0	0	0	0	0	0	0	0	0	0	0	0	125	0	0	0	0	0	0	0	0	0	0	0	21	0	0	0	0	0	0	3	0	0	0	0	0	0	0	0	0	0	5	0	0	14	0	0	0	0	0	10
59	assemblage-129-651	0	0	0	0	0	0	0	0	0	0	0	0	0	0	0	0	0	0	3	0	0	0	0	0	72	0	0	0	0	13	0	0	0	0	0	0	0	0	0	0	60	268	0	0	0	0	0	0	0	0	52	0	0	0	0	0	0	0	0	0	0	0	0	0	0	0	0	0	0	0	0	0	0	11	0	0	0	0	0	0	0	0	0	0	0	21
59	assemblage-920-647	0	0	0	0	0	0	0	0	0	0	0	0	0	0	0	0	0	0	0	0	0	8	0	9	0	0	63	0	0	0	0	0	0	0	0	0	0	173	0	0	0	0	0	0	0	0	0	0	0	0	0	0	0	0	0	0	0	0	0	0	0	0	0	0	0	0	0	0	0	0	0	0	0	0	0	168	0	53	0	0	0	0	10	0	0	16

60	assemblage-689-564	0	0	0	0	0	0	0	0	0	0	0	0	0	293	0	0	29	0	0	0	0	0	0	0	0	0	0	0	0	0	0	0	0	0	0	0	0	0	0	0	0	0	0	0	0	0	125	0	0	0	0	0	0	0	0	0	0	0	21	0	0	0	0	0	0	3	0	0	0	0	0	0	0	0	0	0	5	0	0	14	0	0	0	0	0	10
60	assemblage-129-651	0	0	0	0	0	0	0	0	0	0	0	0	0	0	0	0	0	0	3	0	0	0	0	0	72	0	0	0	0	13	0	0	0	0	0	0	0	0	0	0	60	268	0	0	0	0	0	0	0	0	52	0	0	0	0	0	0	0	0	0	0	0	0	0	0	0	0	0	0	0	0	0	0	11	0	0	0	0	0	0	0	0	0	0	0	21
60	assemblage-423-796	22	0	0	0	0	0	0	0	0	0	0	0	0	0	0	0	0	0	201	229	0	0	35	0	0	0	0	0	0	0	0	0	0	0	0	0	0	0	0	0	0	0	4	0	0	0	0	0	0	0	0	0	0	0	0	0	0	0	0	0	0	0	0	0	0	0	0	0	0	0	0	0	0	0	0	0	0	0	0	0	0	0	0	0	0	9

61	assemblage-689-564	0	0	0	0	0	0	0	0	0	0	0	0	0	293	0	0	29	0	0	0	0	0	0	0	0	0	0	0	0	0	0	0	0	0	0	0	0	0	0	0	0	0	0	0	0	0	125	0	0	0	0	0	0	0	0	0	0	0	21	0	0	0	0	0	0	3	0	0	0	0	0	0	0	0	0	0	5	0	0	14	0	0	0	0	0	10
61	assemblage-266-233	0	0	0	0	4	0	0	0	0	0	0	0	0	366	0	0	0	0	0	0	0	0	0	0	0	0	0	0	7	0	0	0	0	0	0	0	0	0	0	0	0	0	0	0	46	0	0	0	0	4	0	0	0	0	5	0	0	0	42	0	0	0	0	0	0	0	0	0	0	0	0	0	0	0	0	0	0	0	0	0	0	0	0	0	0	26
61	assemblage-254-702	0	0	0	0	0	0	0	0	10	0	0	0	0	0	0	0	0	0	408	0	0	24	0	0	0	11	0	0	0	0	0	0	0	0	0	0	0	0	0	0	0	23	0	0	0	0	0	0	0	0	0	0	0	0	0	0	0	0	0	0	0	0	0	0	0	0	0	2	0	0	0	0	0	0	0	7	0	0	0	0	0	0	0	0	0	15

62	assemblage-689-564	0	0	0	0	0	0	0	0	0	0	0	0	0	293	0	0	29	0	0	0	0	0	0	0	0	0	0	0	0	0	0	0	0	0	0	0	0	0	0	0	0	0	0	0	0	0	125	0	0	0	0	0	0	0	0	0	0	0	21	0	0	0	0	0	0	3	0	0	0	0	0	0	0	0	0	0	5	0	0	14	0	0	0	0	0	10
62	assemblage-266-233	0	0	0	0	4	0	0	0	0	0	0	0	0	366	0	0	0	0	0	0	0	0	0	0	0	0	0	0	7	0	0	0	0	0	0	0	0	0	0	0	0	0	0	0	46	0	0	0	0	4	0	0	0	0	5	0	0	0	42	0	0	0	0	0	0	0	0	0	0	0	0	0	0	0	0	0	0	0	0	0	0	0	0	0	0	26
62	assemblage-816-430	0	0	0	16	0	34	44	0	0	0	0	0	0	0	0	0	0	0	43	0	0	0	0	0	0	0	0	0	0	0	0	0	0	4	0	99	0	0	0	0	0	0	0	0	0	0	0	0	0	52	0	0	0	0	0	0	0	0	191	0	0	0	0	0	0	0	0	0	0	0	0	0	0	0	0	0	0	0	0	0	0	0	0	0	0	17

63	assemblage-689-564	0	0	0	0	0	0	0	0	0	0	0	0	0	293	0	0	29	0	0	0	0	0	0	0	0	0	0	0	0	0	0	0	0	0	0	0	0	0	0	0	0	0	0	0	0	0	125	0	0	0	0	0	0	0	0	0	0	0	21	0	0	0	0	0	0	3	0	0	0	0	0	0	0	0	0	0	5	0	0	14	0	0	0	0	0	10
63	assemblage-266-233	0	0	0	0	4	0	0	0	0	0	0	0	0	366	0	0	0	0	0	0	0	0	0	0	0	0	0	0	7	0	0	0	0	0	0	0	0	0	0	0	0	0	0	0	46	0	0	0	0	4	0	0	0	0	5	0	0	0	42	0	0	0	0	0	0	0	0	0	0	0	0	0	0	0	0	0	0	0	0	0	0	0	0	0	0	26
63	assemblage-760-273	0	14	0	0	0	0	161	0	0	0	0	0	0	5	0	0	0	0	55	0	0	0	0	0	0	0	0	0	0	0	0	0	0	0	0	0	0	0	0	0	0	0	0	0	0	0	0	0	0	0	0	60	0	0	0	0	0	0	0	0	0	11	136	0	0	0	0	0	25	0	0	0	0	0	0	0	0	0	0	0	0	0	0	0	14	19

64	assemblage-689-564	0	0	0	0	0	0	0	0	0	0	0	0	0	293	0	0	29	0	0	0	0	0	0	0	0	0	0	0	0	0	0	0	0	0	0	0	0	0	0	0	0	0	0	0	0	0	125	0	0	0	0	0	0	0	0	0	0	0	21	0	0	0	0	0	0	3	0	0	0	0	0	0	0	0	0	0	5	0	0	14	0	0	0	0	0	10
64	assemblage-266-233	0	0	0	0	4	0	0	0	0	0	0	0	0	366	0	0	0	0	0	0	0	0	0	0	0	0	0	0	7	0	0	0	0	0	0	0	0	0	0	0	0	0	0	0	46	0	0	0	0	4	0	0	0	0	5	0	0	0	42	0	0	0	0	0	0	0	0	0	0	0	0	0	0	0	0	0	0	0	0	0	0	0	0	0	0	26
64	assemblage-920-647	0	0	0	0	0	0	0	0	0	0	0	0	0	0	0	0	0	0	0	0	0	8	0	9	0	0	63	0	0	0	0	0	0	0	0	0	0	173	0	0	0	0	0	0	0	0	0	0	0	0	0	0	0	0	0	0	0	0	0	0	0	0	0	0	0	0	0	0	0	0	0	0	0	0	0	168	0	53	0	0	0	0	10	0	0	16

65	assemblage-689-564	0	0	0	0	0	0	0	0	0	0	0	0	0	293	0	0	29	0	0	0	0	0	0	0	0	0	0	0	0	0	0	0	0	0	0	0	0	0	0	0	0	0	0	0	0	0	125	0	0	0	0	0	0	0	0	0	0	0	21	0	0	0	0	0	0	3	0	0	0	0	0	0	0	0	0	0	5	0	0	14	0	0	0	0	0	10
65	assemblage-266-233	0	0	0	0	4	0	0	0	0	0	0	0	0	366	0	0	0	0	0	0	0	0	0	0	0	0	0	0	7	0	0	0	0	0	0	0	0	0	0	0	0	0	0	0	46	0	0	0	0	4	0	0	0	0	5	0	0	0	42	0	0	0	0	0	0	0	0	0	0	0	0	0	0	0	0	0	0	0	0	0	0	0	0	0	0	26
65	assemblage-423-796	22	0	0	0	0	0	0	0	0	0	0	0	0	0	0	0	0	0	201	229	0	0	35	0	0	0	0	0	0	0	0	0	0	0	0	0	0	0	0	0	0	0	4	0	0	0	0	0	0	0	0	0	0	0	0	0	0	0	0	0	0	0	0	0	0	0	0	0	0	0	0	0	0	0	0	0	0	0	0	0	0	0	0	0	0	9

66	assemblage-689-564	0	0	0	0	0	0	0	0	0	0	0	0	0	293	0	0	29	0	0	0	0	0	0	0	0	0	0	0	0	0	0	0	0	0	0	0	0	0	0	0	0	0	0	0	0	0	125	0	0	0	0	0	0	0	0	0	0	0	21	0	0	0	0	0	0	3	0	0	0	0	0	0	0	0	0	0	5	0	0	14	0	0	0	0	0	10
66	assemblage-266-233	0	0	0	0	4	0	0	0	0	0	0	0	0	366	0	0	0	0	0	0	0	0	0	0	0	0	0	0	7	0	0	0	0	0	0	0	0	0	0	0	0	0	0	0	46	0	0	0	0	4	0	0	0	0	5	0	0	0	42	0	0	0	0	0	0	0	0	0	0	0	0	0	0	0	0	0	0	0	0	0	0	0	0	0	0	26
66	assemblage-129-651	0	0	0	0	0	0	0	0	0	0	0	0	0	0	0	0	0	0	3	0	0	0	0	0	72	0	0	0	0	13	0	0	0	0	0	0	0	0	0	0	60	268	0	0	0	0	0	0	0	0	52	0	0	0	0	0	0	0	0	0	0	0	0	0	0	0	0	0	0	0	0	0	0	11	0	0	0	0	0	0	0	0	0	0	0	21

67	assemblage-689-564	0	0	0	0	0	0	0	0	0	0	0	0	0	293	0	0	29	0	0	0	0	0	0	0	0	0	0	0	0	0	0	0	0	0	0	0	0	0	0	0	0	0	0	0	0	0	125	0	0	0	0	0	0	0	0	0	0	0	21	0	0	0	0	0	0	3	0	0	0	0	0	0	0	0	0	0	5	0	0	14	0	0	0	0	0	10
67	assemblage-639-223	0	0	0	0	0	0	203	0	0	0	0	0	0	0	0	0	0	10	232	0	0	0	0	0	0	0	0	0	0	0	0	5	0	0	0	0	0	0	0	0	0	0	0	0	0	0	0	0	0	0	0	0	0	0	0	0	0	0	0	0	0	3	19	0	0	0	9	0	0	0	0	0	0	0	0	0	0	0	0	0	0	0	0	0	0	19
67	assemblage-254-702	0	0	0	0	0	0	0	0	10	0	0	0	0	0	0	0	0	0	408	0	0	24	0	0	0	11	0	0	0	0	0	0	0	0	0	0	0	0	0	0	0	23	0	0	0	0	0	0	0	0	0	0	0	0	0	0	0	0	0	0	0	0	0	0	0	0	0	2	0	0	0	0	0	0	0	7	0	0	0	0	0	0	0	0	0	15

68	assemblage-689-564	0	0	0	0	0	0	0	0	0	0	0	0	0	293	0	0	29	0	0	0	0	0	0	0	0	0	0	0	0	0	0	0	0	0	0	0	0	0	0	0	0	0	0	0	0	0	125	0	0	0	0	0	0	0	0	0	0	0	21	0	0	0	0	0	0	3	0	0	0	0	0	0	0	0	0	0	5	0	0	14	0	0	0	0	0	10
68	assemblage-639-223	0	0	0	0	0	0	203	0	0	0	0	0	0	0	0	0	0	10	232	0	0	0	0	0	0	0	0	0	0	0	0	5	0	0	0	0	0	0	0	0	0	0	0	0	0	0	0	0	0	0	0	0	0	0	0	0	0	0	0	0	0	3	19	0	0	0	9	0	0	0	0	0	0	0	0	0	0	0	0	0	0	0	0	0	0	19
68	assemblage-920-647	0	0	0	0	0	0	0	0	0	0	0	0	0	0	0	0	0	0	0	0	0	8	0	9	0	0	63	0	0	0	0	0	0	0	0	0	0	173	0	0	0	0	0	0	0	0	0	0	0	0	0	0	0	0	0	0	0	0	0	0	0	0	0	0	0	0	0	0	0	0	0	0	0	0	0	168	0	53	0	0	0	0	10	0	0	16

69	assemblage-689-564	0	0	0	0	0	0	0	0	0	0	0	0	0	293	0	0	29	0	0	0	0	0	0	0	0	0	0	0	0	0	0	0	0	0	0	0	0	0	0	0	0	0	0	0	0	0	125	0	0	0	0	0	0	0	0	0	0	0	21	0	0	0	0	0	0	3	0	0	0	0	0	0	0	0	0	0	5	0	0	14	0	0	0	0	0	10
69	assemblage-639-223	0	0	0	0	0	0	203	0	0	0	0	0	0	0	0	0	0	10	232	0	0	0	0	0	0	0	0	0	0	0	0	5	0	0	0	0	0	0	0	0	0	0	0	0	0	0	0	0	0	0	0	0	0	0	0	0	0	0	0	0	0	3	19	0	0	0	9	0	0	0	0	0	0	0	0	0	0	0	0	0	0	0	0	0	0	19
69	assemblage-423-796	22	0	0	0	0	0	0	0	0	0	0	0	0	0	0	0	0	0	201	229	0	0	35	0	0	0	0	0	0	0	0	0	0	0	0	0	0	0	0	0	0	0	4	0	0	0	0	0	0	0	0	0	0	0	0	0	0	0	0	0	0	0	0	0	0	0	0	0	0	0	0	0	0	0	0	0	0	0	0	0	0	0	0	0	0	9

70	assemblage-689-564	0	0	0	0	0	0	0	0	0	0	0	0	0	293	0	0	29	0	0	0	0	0	0	0	0	0	0	0	0	0	0	0	0	0	0	0	0	0	0	0	0	0	0	0	0	0	125	0	0	0	0	0	0	0	0	0	0	0	21	0	0	0	0	0	0	3	0	0	0	0	0	0	0	0	0	0	5	0	0	14	0	0	0	0	0	10
70	assemblage-639-223	0	0	0	0	0	0	203	0	0	0	0	0	0	0	0	0	0	10	232	0	0	0	0	0	0	0	0	0	0	0	0	5	0	0	0	0	0	0	0	0	0	0	0	0	0	0	0	0	0	0	0	0	0	0	0	0	0	0	0	0	0	3	19	0	0	0	9	0	0	0	0	0	0	0	0	0	0	0	0	0	0	0	0	0	0	19
70	assemblage-129-651	0	0	0	0	0	0	0	0	0	0	0	0	0	0	0	0	0	0	3	0	0	0	0	0	72	0	0	0	0	13	0	0	0	0	0	0	0	0	0	0	60	268	0	0	0	0	0	0	0	0	52	0	0	0	0	0	0	0	0	0	0	0	0	0	0	0	0	0	0	0	0	0	0	11	0	0	0	0	0	0	0	0	0	0	0	21

