Assemblage_Name	4-885906-2	4-1-6078891	2904349-1-2886360	6622170-2-0	2-2266430-1	3-2-9280419	4-2087856-2	4-275347-2	4274594-1-2	4163823-2-0	3-9742427-0	4274594-6576865-2	4-4174280-4291484	3-4765704-0	7127516-1-2	4-1-3386999	6993149-2498023-2	2-1-1	615340-2-0	3-2-0	3-2-4	4274594-2498023-10231	4-1-1408790	4-1-640035	4-1-5529417	4-1-4830093	6472510-0-4	4-1-3190525	4274594-1-2886360	4274594-1555116-2	5089835-2498023-2	8727455-2-0	8507646-7190240-2	8727455-4166178-6878754	930318-2-0	2-7251348-1	8727455-2-6878754	3861169-1-2	4274594-5737862-2	7381556-2498023-2	4-498870-2	4-275347-3143484	2-0-4	4274594-4004576-2	9855046-6022798-2	930318-2-4674777	9640642-2498023-9272770	1-2-0	6157266-9915127-2	6096503-1-2	9830095-1-2	4274594-2498023-3665416	9640642-2498023-2	4274594-7666912-2	5403773-1-2	4702800-2-0	3-2-7390475	9855046-5869885-2	2-3-2	4-1-1689246	6862982-2498023-2	6062101-1-2	7298382-3-2	4-8566143-2	4-4174280-2	9855046-1-8524327	4274594-1-9912514	4274594-7190240-2	7008428-2-0	4274594-2498023-2894683	3403598-1-2	4-2334330-2	4274594-5388168-2	4483481-1-2	642254-1-2	4274594-8398928-2	2-1-1008820	3333401-1-2	4-1-2205476	3713675-2-0	4-2-1	4274594-2498023-2	5089835-2498023-2880062	481184-2498023-2	4274594-6246433-2	4-8566143-4542899	2-1-2399579	6734924-2498023-2	8988198-1-2886360	6109697-2-0	9855046-1-2	7293099-2-0	5089835-2669141-2	7779635-0-4	4-1-2	8776406-1-2	3-3785498-0	3-2-3615575	3-5365049-0	4274594-2498023-6765973	6157266-1-2	4-9349893-2	3-9440454-0	9640642-2498023-6854588	545770-7190240-2	4-7810218-2	9855046-584780-2	4274594-1070557-2	3-3239826-0	3-2922251-0	3-2-174836
assemblage-608-220	0	0	0	0	0	0	0	0	0	0	0	0	0	0	0	0	0	0	0	28	0	0	0	0	0	0	0	0	0	0	0	0	0	0	0	0	0	0	0	0	0	0	0	0	0	0	0	0	0	0	0	0	0	0	0	12	0	0	0	0	0	0	0	0	0	0	0	0	0	0	0	0	0	0	0	0	0	0	0	0	0	0	0	0	0	0	0	0	0	0	0	0	0	0	431	0	0	0	0	0	0	0	0	0	0	0	0	0	0	0	29
assemblage-914-777	0	0	0	9	0	0	0	0	102	0	0	0	0	0	0	0	0	0	0	7	0	0	0	0	0	0	0	0	0	0	0	11	0	0	0	0	230	0	0	0	0	0	0	0	0	0	0	0	0	0	0	0	0	0	0	0	0	0	0	0	0	0	0	0	0	0	0	0	0	0	0	0	0	0	0	0	0	0	0	11	0	0	0	0	0	0	0	0	0	0	0	0	0	0	102	0	0	0	0	0	0	0	0	0	0	0	0	0	0	0	28
assemblage-250-701	0	0	0	0	0	0	0	0	0	0	0	0	0	0	0	0	0	64	0	397	0	0	0	0	0	0	0	0	0	0	0	0	0	0	0	0	0	0	0	0	0	0	0	0	0	0	0	0	0	0	0	0	0	0	0	0	0	0	0	0	0	0	0	0	12	0	0	0	0	0	0	0	0	0	0	0	0	0	0	0	0	0	0	0	0	0	0	0	0	0	0	0	0	0	17	0	0	0	0	0	0	0	0	0	0	0	0	0	0	0	10
assemblage-924-643	0	0	0	0	13	0	0	0	0	0	0	0	0	0	0	0	0	367	0	4	0	0	0	0	0	0	0	0	0	0	0	0	0	0	0	5	0	0	0	0	0	0	0	0	0	0	0	56	0	0	0	0	0	0	0	0	0	0	39	0	0	0	0	0	0	0	0	0	0	0	0	0	0	0	0	0	0	0	0	0	0	0	0	0	0	0	6	0	0	0	0	0	0	0	0	0	0	0	0	0	0	0	0	0	0	0	0	0	0	0	10
assemblage-145-658	0	0	0	0	0	0	0	0	0	0	0	0	0	0	0	0	0	0	0	0	0	0	15	0	0	0	0	0	0	0	0	0	0	0	0	0	0	0	0	0	0	0	0	0	0	0	0	0	0	0	0	0	0	0	0	0	0	0	0	0	0	0	0	0	111	0	0	0	0	0	0	25	0	0	0	0	0	0	0	0	0	0	0	0	0	0	0	0	0	0	0	0	0	0	330	0	0	0	0	0	0	0	0	0	0	0	0	0	0	0	19
assemblage-924-642	0	0	0	0	10	0	0	0	0	0	0	0	0	0	0	0	0	346	0	0	0	0	0	0	0	0	0	0	0	0	0	0	0	0	0	7	0	0	0	0	0	0	0	0	0	0	0	57	0	0	0	0	0	0	0	0	0	0	50	0	0	0	0	0	0	0	0	0	0	0	0	0	0	0	0	0	0	0	0	0	0	0	0	0	0	0	10	0	0	0	0	0	0	0	0	0	0	0	0	0	0	0	0	0	0	0	0	0	0	0	20
assemblage-164-839	0	0	0	0	0	0	0	0	185	0	0	0	0	0	0	0	0	0	0	0	0	0	0	0	0	0	0	0	250	0	0	0	0	0	0	0	0	0	0	0	0	0	0	0	0	0	0	0	0	0	0	0	33	6	0	0	0	0	0	0	0	0	0	0	0	0	0	0	0	0	0	0	0	0	0	0	0	0	0	0	0	0	0	0	0	0	0	0	0	0	0	0	0	0	0	0	0	0	0	0	0	0	0	0	0	0	0	0	0	0	26
assemblage-464-918	0	21	0	0	0	0	0	0	119	0	0	0	0	0	0	0	0	0	0	94	0	0	0	0	0	0	0	0	34	19	0	68	0	8	0	0	45	0	0	0	0	0	0	0	0	0	0	0	0	0	0	0	0	0	0	0	0	0	0	0	0	0	0	0	0	0	0	0	0	0	0	0	0	0	0	0	0	0	0	10	0	0	0	0	0	0	0	0	0	0	0	0	0	0	53	0	0	0	0	0	0	0	0	0	0	0	0	0	0	0	29
assemblage-833-481	0	0	6	0	0	0	0	0	18	0	0	0	0	0	0	0	0	0	0	0	0	0	0	0	0	0	0	0	8	0	0	0	20	0	0	0	0	9	0	0	0	0	0	0	0	0	0	0	0	0	0	0	72	0	0	0	0	7	0	0	0	0	0	0	0	0	0	12	0	0	0	0	0	0	0	0	0	0	0	0	0	0	0	0	0	0	0	0	0	0	321	0	0	0	0	0	0	0	0	0	0	0	0	0	0	0	9	0	0	0	18
assemblage-267-244	0	0	0	0	0	0	0	0	355	0	0	0	0	0	0	0	0	0	0	0	0	0	0	0	0	0	0	9	0	0	0	0	0	0	0	0	19	0	0	0	0	0	0	0	0	0	0	0	0	0	0	0	5	0	0	0	0	0	0	0	7	0	0	0	0	0	0	0	0	0	0	0	0	0	0	0	0	0	0	0	0	52	0	0	0	0	0	0	0	0	0	0	0	0	0	0	0	0	0	0	0	0	0	0	0	0	0	39	0	0	14
assemblage-809-155	0	0	0	0	0	0	0	205	46	0	0	0	0	0	4	0	0	0	16	95	0	0	0	0	0	0	0	0	0	0	0	0	0	0	0	0	0	0	0	0	0	0	0	0	0	0	0	0	0	0	0	0	0	0	0	0	0	0	0	0	0	0	0	0	0	0	0	0	0	0	0	0	0	0	12	0	0	0	6	0	0	0	0	0	0	0	0	0	0	0	0	0	0	0	91	0	0	0	0	0	0	0	0	0	0	0	0	0	0	0	25
assemblage-475-921	0	0	0	5	0	0	0	0	111	0	0	0	0	0	0	0	0	0	0	9	0	0	0	0	0	0	0	0	0	0	0	3	0	0	0	0	208	0	0	0	0	0	0	0	0	0	0	0	0	0	0	0	0	0	0	0	0	0	0	0	0	0	0	0	0	0	0	0	0	0	0	0	0	0	0	0	0	0	0	7	0	0	0	0	0	0	0	0	0	0	0	0	0	0	132	0	0	0	0	0	0	0	0	0	0	0	0	0	0	0	25
assemblage-926-748	0	0	11	0	0	0	0	0	19	0	0	0	0	0	0	0	0	0	0	0	0	0	0	0	0	0	0	0	0	0	0	0	18	0	0	0	0	6	0	0	0	0	0	0	0	0	0	0	0	0	0	0	82	0	0	0	0	0	0	0	0	0	0	0	0	11	0	12	0	0	0	0	0	0	0	0	0	0	0	0	0	0	0	0	0	0	0	0	0	0	290	0	0	0	0	0	0	0	0	0	0	0	0	0	0	0	17	0	0	0	34
assemblage-928-768	0	0	0	0	0	0	0	7	388	0	0	0	0	0	0	0	0	0	0	6	0	0	0	0	0	0	0	0	0	0	0	0	0	0	0	0	0	0	0	0	0	26	0	0	0	0	0	0	0	0	0	0	0	0	0	0	0	0	0	0	0	0	0	0	0	0	0	0	0	0	0	0	0	0	0	0	0	0	0	28	0	0	0	0	0	0	0	0	0	0	0	0	0	0	10	0	0	0	0	0	0	0	0	0	0	0	0	0	0	0	35
assemblage-851-486	0	0	0	0	0	0	0	0	111	0	0	0	0	0	0	0	0	0	0	0	0	0	0	0	0	0	0	0	11	0	42	0	0	0	0	0	0	0	0	0	0	0	0	0	28	0	0	0	0	0	0	0	43	0	0	0	0	0	0	0	0	0	0	0	0	0	0	29	0	0	0	0	0	0	0	0	0	0	0	0	0	87	0	0	0	0	0	20	0	0	88	0	0	0	0	0	0	0	0	0	0	0	0	0	0	0	0	0	0	0	41
assemblage-320-503	0	0	0	0	0	0	0	0	440	0	0	0	0	0	0	0	0	0	0	0	0	0	0	0	0	0	0	0	0	0	0	0	0	0	0	0	17	0	11	0	0	0	0	0	0	0	0	0	0	0	0	0	0	0	0	0	0	0	0	0	0	0	0	0	0	0	0	0	0	0	0	0	0	0	0	0	0	0	0	0	0	0	0	0	13	0	0	0	0	0	0	0	0	0	0	0	0	0	0	0	0	0	0	0	0	0	0	0	0	0	19
assemblage-923-734	0	0	0	0	0	0	0	0	31	0	0	0	0	0	0	0	0	0	0	0	0	0	0	0	0	0	0	0	10	0	157	0	0	0	0	0	0	0	0	0	0	0	0	0	0	0	0	0	0	0	0	21	0	0	0	0	0	0	0	0	0	0	0	0	0	0	0	0	0	0	0	0	0	0	0	0	0	0	0	0	0	149	0	0	0	0	0	84	0	0	20	0	10	0	0	0	0	0	0	0	0	0	0	0	0	0	0	0	0	0	18
assemblage-158-858	0	0	0	0	0	0	0	0	188	0	0	0	0	0	0	0	0	0	0	0	0	0	0	0	0	0	0	0	238	0	0	0	0	0	0	0	0	0	0	0	0	0	0	0	0	0	0	0	0	0	0	0	38	0	0	0	0	0	0	0	0	0	0	0	0	0	0	0	0	0	0	0	0	0	0	0	0	0	0	0	0	0	0	0	0	0	0	0	8	0	0	0	0	0	0	0	0	0	0	0	0	0	0	0	0	0	0	0	0	0	28
assemblage-1002-149	0	0	0	0	0	0	0	0	0	0	0	0	0	0	0	0	0	100	0	68	0	0	0	0	0	0	0	0	0	0	0	0	0	0	0	0	0	0	0	0	0	0	9	0	0	0	0	0	0	0	0	0	0	0	0	0	0	0	0	0	0	0	0	0	0	0	0	0	0	0	0	0	0	0	0	0	0	0	0	0	0	0	0	0	0	0	0	0	0	0	0	0	0	0	270	0	0	0	0	0	0	5	1	0	0	36	0	0	0	0	11
assemblage-988-143	0	0	0	0	0	0	0	0	0	0	0	0	0	0	0	0	0	82	0	397	0	0	0	0	0	0	0	0	0	0	0	0	0	0	0	0	0	0	0	0	0	0	0	0	0	0	0	0	0	0	0	0	0	0	0	0	0	0	0	0	0	0	0	0	7	0	0	0	0	0	0	0	0	0	0	0	0	0	0	0	0	0	0	0	0	0	0	0	0	0	0	0	0	0	6	0	0	0	0	0	0	0	0	0	0	0	0	0	0	0	8
