Assemblage_Name	1-1-961758	3006998-4075085-3645851	3492134-4075085-1080695	1956842-1-662838	1-4318785-662838	5078850-4075085-0	3006998-4075085-0	7112087-4075085-0	1-1-3459632	1-1-939369	1-9245180-662838	3006998-3136167-3149087	3006998-8762103-1080695	3006998-4075085-1080695	1-1-1098687	3-2-2	6594255-4075085-1080695	3006998-8889578-5077756	1-1-1	3-3-0	2945216-1-662838	6464718-1-5315882	3651629-1-1	0-1-6959569	0-4-0	1-9735106-1	0-1-0	2968564-1-5315882	1-122771-662838	0-3-388503	3006998-4075085-8275949	3006998-3600905-0	2682187-8986383-0	3524686-1-1	1-3869680-662838	5267899-1-662838	6464718-7158566-5315882	6464718-1-0	3-4273888-2	3649110-2-8969068	0-3-3	0-3-0	887994-3-0	6168708-4075085-1080695	3006998-9331790-1080695	1-1-4293871	3006998-4075085-4884074	1411928-4075085-1080695	3006998-4075085-6112268	5267899-1-2321559	0-3-1953027	3006998-3232835-0	8085107-3-0	1-6875638-662838	3006998-4815028-1080695	1411928-4046272-1080695	2692857-4075085-1080695	5671433-4075085-0	1-1-662838	1-7783801-1	3006998-7825236-0	8350035-1-5315882	3006998-4075085-7835748	9358712-2-8969068	3006998-523481-1080695	3006998-2786137-1080695	9746805-4075085-0	1-1-7167634	3006998-3232835-7543514	1-7984203-2313438	3006998-6582870-0	3006998-3232835-8076016	9890219-1-6959569	0-3-1948231	5778534-1-1	3006998-1-0	3006998-4075085-7445345	4-4-1	763635-1-662838	1-1-7994803	1-1-338532	1-1-6739229	3006998-1-9094751	3006998-3232835-5077756	3006998-3826900-0	5267899-6071154-2321559
assemblage-768-710	0	0	0	0	0	0	75	0	0	0	0	0	0	16	0	0	0	0	39	0	0	0	0	0	0	0	0	0	0	0	0	0	0	0	0	0	0	0	0	0	0	0	0	0	0	0	0	0	0	0	0	0	0	0	0	0	0	0	352	0	0	0	0	0	0	0	0	0	0	0	0	0	0	0	0	0	0	0	6	0	0	0	0	0	0	12
assemblage-590-352	0	0	0	0	0	0	0	0	0	0	0	0	0	269	0	0	0	0	0	0	0	0	0	0	0	0	0	0	0	0	0	0	0	0	0	0	0	0	0	0	0	0	0	0	0	0	0	0	0	7	0	0	0	0	0	0	0	0	209	0	0	0	0	0	0	0	0	0	0	0	0	0	0	0	0	0	0	0	0	0	0	0	0	0	0	15
assemblage-934-638	0	0	0	0	0	0	0	0	0	0	0	0	0	0	0	0	0	0	0	0	0	7	0	7	0	0	83	0	0	0	0	0	0	0	0	0	0	137	5	0	0	0	0	0	0	0	0	0	0	0	0	0	0	0	0	0	0	0	0	0	0	0	0	0	0	0	0	0	0	0	0	0	0	0	0	185	0	46	0	0	0	0	14	0	0	16
assemblage-988-143	0	0	0	0	0	0	0	0	0	6	0	0	0	0	0	0	0	0	244	0	0	14	0	0	0	0	0	0	0	0	0	0	0	0	0	0	0	0	0	0	0	0	0	0	0	0	0	0	0	0	0	0	180	0	0	0	0	0	0	0	0	0	0	0	0	0	0	0	0	0	0	0	0	0	0	21	0	0	0	0	0	0	18	0	0	17
assemblage-738-152	0	0	0	0	0	0	0	0	0	0	0	0	0	0	0	0	0	0	36	0	0	48	0	0	0	0	0	0	0	0	0	0	0	0	0	0	0	0	0	0	0	0	0	0	0	0	0	0	0	0	53	227	0	0	0	0	0	0	0	0	0	0	0	0	0	0	0	0	0	0	0	0	5	0	0	97	0	0	0	0	0	0	0	4	0	30
assemblage-601-349	0	0	0	0	9	0	0	0	0	0	0	0	0	342	0	0	0	0	0	0	0	0	0	0	0	0	0	0	16	0	0	0	0	0	0	0	0	0	0	0	0	0	0	0	52	0	0	0	0	12	0	0	0	0	5	0	0	0	52	0	0	0	0	0	0	0	0	0	0	0	0	0	0	0	0	0	0	0	0	0	0	0	0	0	0	12
assemblage-455-938	0	17	0	0	37	12	62	0	0	0	0	0	0	56	0	0	0	0	19	0	0	0	0	0	0	0	0	0	0	0	0	0	0	0	0	44	0	0	0	0	0	0	0	0	0	0	0	0	0	10	0	0	0	0	0	0	0	0	223	0	0	0	0	0	0	0	0	0	0	0	0	0	0	0	0	0	0	0	0	0	0	0	0	0	0	20
assemblage-464-918	0	0	0	0	0	0	95	0	0	0	0	0	0	11	0	0	0	0	38	0	0	0	0	0	0	0	0	0	0	0	0	0	0	0	0	0	0	0	0	0	0	0	0	0	0	0	0	0	0	0	0	0	0	0	0	0	0	0	336	0	0	0	0	0	0	0	0	0	0	0	0	0	0	0	0	0	0	0	0	0	0	0	0	0	0	20
assemblage-265-238	0	0	0	0	9	0	0	0	0	0	40	0	0	11	0	0	0	0	0	0	0	0	0	0	0	0	0	0	0	0	0	0	0	0	0	0	0	0	0	0	0	0	0	0	0	0	0	0	0	19	0	0	0	0	0	0	0	0	154	0	0	0	0	0	0	0	0	0	0	0	0	0	0	0	0	0	0	0	0	242	0	16	0	0	0	9
assemblage-936-746	0	0	0	0	0	0	0	0	0	0	0	0	0	299	0	0	21	0	0	0	0	0	0	0	0	0	0	0	0	0	0	0	0	0	0	0	0	0	0	0	0	0	0	0	0	0	122	0	0	0	0	0	0	0	0	0	0	0	19	0	0	0	0	0	0	0	0	0	0	0	0	0	0	0	0	0	0	0	0	18	0	0	0	0	0	21
assemblage-930-730	0	0	0	0	0	0	0	0	0	0	0	26	19	261	0	0	0	0	0	0	0	0	0	0	0	0	0	0	0	0	0	0	0	0	0	0	0	0	0	0	0	0	0	6	0	0	0	0	0	0	0	0	0	0	0	0	0	0	44	0	0	0	0	0	0	0	0	0	0	0	0	0	0	0	0	0	0	0	0	130	0	0	0	0	0	14
assemblage-162-850	0	0	0	0	2	0	0	0	0	0	4	0	0	221	0	0	0	0	0	0	0	0	0	0	0	0	0	0	0	0	0	0	0	0	0	0	0	0	0	0	0	0	0	0	6	0	0	0	0	12	0	0	0	0	0	0	0	0	171	0	0	0	0	0	0	0	0	0	0	0	0	0	0	0	0	0	0	0	0	55	0	0	0	0	0	29
assemblage-359-767	0	0	0	0	0	0	20	0	0	0	0	0	0	0	0	0	0	0	43	0	0	156	0	0	0	0	0	0	0	0	0	0	0	0	0	0	0	0	0	0	0	0	0	0	0	0	0	0	0	0	0	0	0	0	0	0	0	0	0	0	0	92	0	0	0	0	0	0	0	0	0	0	0	0	0	175	0	0	0	0	0	0	0	0	0	14
assemblage-768-706	0	48	0	0	116	0	46	0	0	0	0	0	0	0	0	0	0	0	11	0	0	0	0	0	0	0	0	0	0	0	0	0	0	0	0	0	0	0	0	0	0	0	0	0	0	0	0	0	0	0	0	0	0	0	0	0	0	0	266	0	0	0	0	0	0	0	0	0	0	0	0	0	0	0	0	0	0	0	0	0	0	0	0	0	0	13
assemblage-801-466	0	3	0	0	0	0	86	0	0	0	0	0	0	199	0	0	0	0	28	0	0	0	0	0	0	0	0	0	0	0	0	0	0	0	0	46	0	0	0	0	0	0	0	0	0	0	0	0	0	0	0	0	0	0	0	0	0	0	130	0	0	0	0	0	0	0	0	0	0	0	0	0	0	0	0	0	0	0	0	0	0	0	0	0	0	8
assemblage-927-638	0	0	0	0	0	0	0	0	0	0	0	0	0	0	0	0	0	0	0	0	0	4	0	6	0	0	90	0	0	0	0	0	0	0	0	0	0	146	0	0	0	0	0	0	0	0	0	0	0	0	0	0	0	0	0	0	0	0	0	0	0	0	0	0	0	0	0	0	0	0	0	0	0	0	0	196	0	36	0	0	0	0	11	0	0	11
assemblage-714-569	0	0	7	0	0	0	0	0	0	0	0	0	0	429	0	0	0	0	0	0	0	0	0	0	0	0	0	0	0	0	0	0	0	0	0	0	0	0	0	0	0	0	0	0	0	0	20	0	0	0	0	0	0	0	0	0	0	0	8	0	0	0	0	0	7	0	0	0	0	0	0	0	0	0	0	0	0	0	0	23	0	0	0	0	0	6
assemblage-533-678	0	0	0	0	0	0	0	0	0	0	0	0	0	0	0	10	0	0	0	0	0	228	0	0	0	0	0	0	0	0	0	0	0	0	0	0	0	0	240	4	0	0	0	0	0	0	0	0	0	0	0	0	0	0	0	0	0	0	0	0	0	0	0	0	0	0	0	0	0	0	0	0	0	0	0	0	0	0	0	0	0	0	0	0	0	18
assemblage-784-282	0	0	0	0	0	0	57	0	0	0	0	0	0	0	0	0	0	0	270	0	0	0	0	0	0	0	0	0	0	0	0	0	0	0	0	0	0	0	0	0	0	0	0	0	0	0	0	0	0	0	0	16	0	0	0	0	0	0	70	0	0	12	0	0	0	0	0	0	0	0	0	0	0	0	71	0	0	0	0	0	0	0	0	0	0	4
assemblage-163-872	0	0	0	0	0	0	0	0	0	0	0	0	0	251	0	0	0	0	0	0	5	0	0	0	0	0	0	0	0	0	12	0	0	0	0	0	0	0	0	0	0	0	0	0	0	0	0	0	0	9	0	0	0	0	0	0	0	0	206	0	0	0	0	0	0	0	0	0	0	0	0	0	0	0	0	0	0	0	0	0	0	0	0	0	0	17
