Seriation_Number	Assemblage	1-4233416-7871181	3267617-649102-4	1931568-2015322-3	1-2-6507380	4372842-649102-4	1-8209901-3	1-8209901-4692963	4254239-3446112-379296	2692466-649102-8392571	4-1-7533071	5471467-5898198-4	1-2015322-3	4203937-8209901-569997	1-2-6690749	1-9533653-3	4-4029798-0	1-7867645-3	1-9199616-379296	4722404-6815949-8392571	1-2-3813755	8255766-2-4137475	353567-649102-4	4372842-6815949-456096	1-3803461-3	4-1001741-0	1-8111880-4137475	3-3786598-4	1-2-5274194	5665240-7708500-0	1-2-995438	0-0-3	4372842-649102-6865360	1-8209901-569997	8742330-2-4137475	3-6941906-4	2719803-649102-4	1-4233416-379296	7694450-649102-1102044	1-9724170-3	1-2-3	2-2170945-4	4372842-6815949-8392571	1-2-4711824	4-3-2	1-2-2187622	7687315-2-3	8303855-1001741-0	1-5885690-3	1-2-8653104	3-4028421-4	1-2394360-3	6313474-2-4137475	8694257-5930184-4	1-2-4137475	2-2-0	2-2-4	1-2-3658460	3-649102-4	1-2-3483944	1-2-4222210	1-1063578-3	1-9942953-3	1-2-5178711	4372842-649102-8392571	4372842-649102-8674392	1-5959677-3	4372842-649102-2609426	3-4-4	1-2-6997427	3-649102-663161	4254239-4233416-379296	2-7708500-0	1-0-1	1-6221156-4137475	1-2015322-5814585	1-2015322-5397299	1-5251638-3	1-8209901-9220022	1-7526041-4137475	4-1-2	4372842-9183678-8392571	1-477658-3	5471467-649102-4	1-4288094-379296	7025097-649102-1102044	1-5171626-4137475	4372842-649102-1102044	1-4130314-3	3-649102-5625530	4372842-8177248-8392571	3-649102-3822825	1-2-966242	1-9746007-4137475	4372842-5930184-4	4372842-7609748-8392571	1-2-164725
1	assemblage-332-494	0	0	31	0	0	0	0	0	0	0	0	37	0	0	0	0	0	0	0	0	0	0	0	10	0	0	0	0	0	0	0	0	0	0	0	0	0	0	0	321	0	0	0	0	0	0	0	0	0	0	0	0	0	67	0	0	0	0	0	0	0	0	0	0	11	0	0	0	0	0	0	0	0	0	0	0	0	0	0	0	0	0	0	0	0	0	0	0	0	0	0	0	0	0	0	23
1	assemblage-790-152	0	0	0	0	0	0	0	0	0	0	0	0	0	0	0	0	0	0	0	0	0	0	0	0	0	0	0	30	0	4	0	0	0	0	0	0	0	0	0	382	0	0	0	0	0	0	0	0	0	0	0	0	0	0	0	0	34	10	0	5	0	0	0	0	0	0	0	0	0	0	0	0	0	0	0	0	0	0	0	0	0	0	0	0	0	0	0	17	0	0	0	0	0	3	0	15
1	assemblage-353-783	0	0	0	0	0	0	0	0	0	0	0	0	0	0	0	0	0	0	0	0	0	0	0	0	11	0	0	0	0	0	18	0	0	0	0	0	0	0	0	325	0	0	0	0	0	0	0	0	88	0	0	0	0	0	0	0	0	45	0	0	0	0	0	0	0	0	0	0	0	0	0	0	0	0	0	0	0	0	0	0	0	0	0	0	0	0	0	0	0	0	0	0	0	0	0	13

2	assemblage-255-215	0	0	0	0	0	12	0	0	0	0	0	17	0	0	0	0	0	0	0	0	0	0	0	0	0	0	0	0	0	0	0	0	0	0	0	0	0	0	0	19	0	0	0	0	0	0	0	0	0	0	0	0	0	240	0	0	0	0	0	0	0	0	0	0	43	0	0	0	0	0	0	0	0	0	0	12	0	0	0	0	0	0	0	0	0	0	129	0	0	0	0	0	0	0	0	28
2	assemblage-790-152	0	0	0	0	0	0	0	0	0	0	0	0	0	0	0	0	0	0	0	0	0	0	0	0	0	0	0	30	0	4	0	0	0	0	0	0	0	0	0	382	0	0	0	0	0	0	0	0	0	0	0	0	0	0	0	0	34	10	0	5	0	0	0	0	0	0	0	0	0	0	0	0	0	0	0	0	0	0	0	0	0	0	0	0	0	0	0	17	0	0	0	0	0	3	0	15
2	assemblage-353-783	0	0	0	0	0	0	0	0	0	0	0	0	0	0	0	0	0	0	0	0	0	0	0	0	11	0	0	0	0	0	18	0	0	0	0	0	0	0	0	325	0	0	0	0	0	0	0	0	88	0	0	0	0	0	0	0	0	45	0	0	0	0	0	0	0	0	0	0	0	0	0	0	0	0	0	0	0	0	0	0	0	0	0	0	0	0	0	0	0	0	0	0	0	0	0	13

3	assemblage-255-215	0	0	0	0	0	12	0	0	0	0	0	17	0	0	0	0	0	0	0	0	0	0	0	0	0	0	0	0	0	0	0	0	0	0	0	0	0	0	0	19	0	0	0	0	0	0	0	0	0	0	0	0	0	240	0	0	0	0	0	0	0	0	0	0	43	0	0	0	0	0	0	0	0	0	0	12	0	0	0	0	0	0	0	0	0	0	129	0	0	0	0	0	0	0	0	28
3	assemblage-332-494	0	0	31	0	0	0	0	0	0	0	0	37	0	0	0	0	0	0	0	0	0	0	0	10	0	0	0	0	0	0	0	0	0	0	0	0	0	0	0	321	0	0	0	0	0	0	0	0	0	0	0	0	0	67	0	0	0	0	0	0	0	0	0	0	11	0	0	0	0	0	0	0	0	0	0	0	0	0	0	0	0	0	0	0	0	0	0	0	0	0	0	0	0	0	0	23
3	assemblage-797-172	0	18	0	0	0	0	0	0	0	0	0	0	0	0	0	0	0	0	0	0	0	0	0	0	0	0	0	0	0	0	0	0	0	0	0	5	0	0	0	37	0	6	0	0	0	0	0	0	0	0	0	0	0	0	0	0	0	396	0	0	0	0	0	8	0	0	0	0	0	0	0	0	0	0	0	0	0	0	0	0	0	0	0	0	0	0	0	9	0	0	4	0	0	0	0	17

4	assemblage-255-215	0	0	0	0	0	12	0	0	0	0	0	17	0	0	0	0	0	0	0	0	0	0	0	0	0	0	0	0	0	0	0	0	0	0	0	0	0	0	0	19	0	0	0	0	0	0	0	0	0	0	0	0	0	240	0	0	0	0	0	0	0	0	0	0	43	0	0	0	0	0	0	0	0	0	0	12	0	0	0	0	0	0	0	0	0	0	129	0	0	0	0	0	0	0	0	28
4	assemblage-332-494	0	0	31	0	0	0	0	0	0	0	0	37	0	0	0	0	0	0	0	0	0	0	0	10	0	0	0	0	0	0	0	0	0	0	0	0	0	0	0	321	0	0	0	0	0	0	0	0	0	0	0	0	0	67	0	0	0	0	0	0	0	0	0	0	11	0	0	0	0	0	0	0	0	0	0	0	0	0	0	0	0	0	0	0	0	0	0	0	0	0	0	0	0	0	0	23
4	assemblage-353-783	0	0	0	0	0	0	0	0	0	0	0	0	0	0	0	0	0	0	0	0	0	0	0	0	11	0	0	0	0	0	18	0	0	0	0	0	0	0	0	325	0	0	0	0	0	0	0	0	88	0	0	0	0	0	0	0	0	45	0	0	0	0	0	0	0	0	0	0	0	0	0	0	0	0	0	0	0	0	0	0	0	0	0	0	0	0	0	0	0	0	0	0	0	0	0	13

5	assemblage-255-215	0	0	0	0	0	12	0	0	0	0	0	17	0	0	0	0	0	0	0	0	0	0	0	0	0	0	0	0	0	0	0	0	0	0	0	0	0	0	0	19	0	0	0	0	0	0	0	0	0	0	0	0	0	240	0	0	0	0	0	0	0	0	0	0	43	0	0	0	0	0	0	0	0	0	0	12	0	0	0	0	0	0	0	0	0	0	129	0	0	0	0	0	0	0	0	28
5	assemblage-332-494	0	0	31	0	0	0	0	0	0	0	0	37	0	0	0	0	0	0	0	0	0	0	0	10	0	0	0	0	0	0	0	0	0	0	0	0	0	0	0	321	0	0	0	0	0	0	0	0	0	0	0	0	0	67	0	0	0	0	0	0	0	0	0	0	11	0	0	0	0	0	0	0	0	0	0	0	0	0	0	0	0	0	0	0	0	0	0	0	0	0	0	0	0	0	0	23
5	assemblage-790-152	0	0	0	0	0	0	0	0	0	0	0	0	0	0	0	0	0	0	0	0	0	0	0	0	0	0	0	30	0	4	0	0	0	0	0	0	0	0	0	382	0	0	0	0	0	0	0	0	0	0	0	0	0	0	0	0	34	10	0	5	0	0	0	0	0	0	0	0	0	0	0	0	0	0	0	0	0	0	0	0	0	0	0	0	0	0	0	17	0	0	0	0	0	3	0	15

6	assemblage-147-865	0	0	0	0	0	7	0	0	0	0	0	15	0	0	0	0	0	0	0	0	0	0	0	0	0	0	0	0	0	0	0	0	0	0	0	0	0	0	0	27	0	0	0	0	0	0	0	0	0	0	0	0	0	225	0	0	0	0	0	0	0	0	0	0	55	0	0	0	0	0	0	0	0	0	0	0	0	0	0	0	0	0	0	0	0	0	150	0	0	0	0	0	0	0	0	21
6	assemblage-790-152	0	0	0	0	0	0	0	0	0	0	0	0	0	0	0	0	0	0	0	0	0	0	0	0	0	0	0	30	0	4	0	0	0	0	0	0	0	0	0	382	0	0	0	0	0	0	0	0	0	0	0	0	0	0	0	0	34	10	0	5	0	0	0	0	0	0	0	0	0	0	0	0	0	0	0	0	0	0	0	0	0	0	0	0	0	0	0	17	0	0	0	0	0	3	0	15
6	assemblage-353-783	0	0	0	0	0	0	0	0	0	0	0	0	0	0	0	0	0	0	0	0	0	0	0	0	11	0	0	0	0	0	18	0	0	0	0	0	0	0	0	325	0	0	0	0	0	0	0	0	88	0	0	0	0	0	0	0	0	45	0	0	0	0	0	0	0	0	0	0	0	0	0	0	0	0	0	0	0	0	0	0	0	0	0	0	0	0	0	0	0	0	0	0	0	0	0	13

7	assemblage-147-865	0	0	0	0	0	7	0	0	0	0	0	15	0	0	0	0	0	0	0	0	0	0	0	0	0	0	0	0	0	0	0	0	0	0	0	0	0	0	0	27	0	0	0	0	0	0	0	0	0	0	0	0	0	225	0	0	0	0	0	0	0	0	0	0	55	0	0	0	0	0	0	0	0	0	0	0	0	0	0	0	0	0	0	0	0	0	150	0	0	0	0	0	0	0	0	21
7	assemblage-332-494	0	0	31	0	0	0	0	0	0	0	0	37	0	0	0	0	0	0	0	0	0	0	0	10	0	0	0	0	0	0	0	0	0	0	0	0	0	0	0	321	0	0	0	0	0	0	0	0	0	0	0	0	0	67	0	0	0	0	0	0	0	0	0	0	11	0	0	0	0	0	0	0	0	0	0	0	0	0	0	0	0	0	0	0	0	0	0	0	0	0	0	0	0	0	0	23
7	assemblage-797-172	0	18	0	0	0	0	0	0	0	0	0	0	0	0	0	0	0	0	0	0	0	0	0	0	0	0	0	0	0	0	0	0	0	0	0	5	0	0	0	37	0	6	0	0	0	0	0	0	0	0	0	0	0	0	0	0	0	396	0	0	0	0	0	8	0	0	0	0	0	0	0	0	0	0	0	0	0	0	0	0	0	0	0	0	0	0	0	9	0	0	4	0	0	0	0	17

8	assemblage-147-865	0	0	0	0	0	7	0	0	0	0	0	15	0	0	0	0	0	0	0	0	0	0	0	0	0	0	0	0	0	0	0	0	0	0	0	0	0	0	0	27	0	0	0	0	0	0	0	0	0	0	0	0	0	225	0	0	0	0	0	0	0	0	0	0	55	0	0	0	0	0	0	0	0	0	0	0	0	0	0	0	0	0	0	0	0	0	150	0	0	0	0	0	0	0	0	21
8	assemblage-332-494	0	0	31	0	0	0	0	0	0	0	0	37	0	0	0	0	0	0	0	0	0	0	0	10	0	0	0	0	0	0	0	0	0	0	0	0	0	0	0	321	0	0	0	0	0	0	0	0	0	0	0	0	0	67	0	0	0	0	0	0	0	0	0	0	11	0	0	0	0	0	0	0	0	0	0	0	0	0	0	0	0	0	0	0	0	0	0	0	0	0	0	0	0	0	0	23
8	assemblage-353-783	0	0	0	0	0	0	0	0	0	0	0	0	0	0	0	0	0	0	0	0	0	0	0	0	11	0	0	0	0	0	18	0	0	0	0	0	0	0	0	325	0	0	0	0	0	0	0	0	88	0	0	0	0	0	0	0	0	45	0	0	0	0	0	0	0	0	0	0	0	0	0	0	0	0	0	0	0	0	0	0	0	0	0	0	0	0	0	0	0	0	0	0	0	0	0	13

9	assemblage-147-865	0	0	0	0	0	7	0	0	0	0	0	15	0	0	0	0	0	0	0	0	0	0	0	0	0	0	0	0	0	0	0	0	0	0	0	0	0	0	0	27	0	0	0	0	0	0	0	0	0	0	0	0	0	225	0	0	0	0	0	0	0	0	0	0	55	0	0	0	0	0	0	0	0	0	0	0	0	0	0	0	0	0	0	0	0	0	150	0	0	0	0	0	0	0	0	21
9	assemblage-332-494	0	0	31	0	0	0	0	0	0	0	0	37	0	0	0	0	0	0	0	0	0	0	0	10	0	0	0	0	0	0	0	0	0	0	0	0	0	0	0	321	0	0	0	0	0	0	0	0	0	0	0	0	0	67	0	0	0	0	0	0	0	0	0	0	11	0	0	0	0	0	0	0	0	0	0	0	0	0	0	0	0	0	0	0	0	0	0	0	0	0	0	0	0	0	0	23
9	assemblage-790-152	0	0	0	0	0	0	0	0	0	0	0	0	0	0	0	0	0	0	0	0	0	0	0	0	0	0	0	30	0	4	0	0	0	0	0	0	0	0	0	382	0	0	0	0	0	0	0	0	0	0	0	0	0	0	0	0	34	10	0	5	0	0	0	0	0	0	0	0	0	0	0	0	0	0	0	0	0	0	0	0	0	0	0	0	0	0	0	17	0	0	0	0	0	3	0	15

10	assemblage-396-264	0	0	0	0	0	0	0	0	0	0	0	0	0	0	0	0	0	0	0	0	0	0	0	0	0	0	0	0	0	0	0	0	0	0	0	0	0	0	0	0	0	0	0	0	0	0	0	0	0	0	0	0	0	162	0	0	0	0	0	0	0	0	17	0	0	0	0	0	0	0	0	0	0	0	0	0	0	7	0	0	0	0	0	0	11	0	292	0	0	0	0	0	0	0	0	11
10	assemblage-790-152	0	0	0	0	0	0	0	0	0	0	0	0	0	0	0	0	0	0	0	0	0	0	0	0	0	0	0	30	0	4	0	0	0	0	0	0	0	0	0	382	0	0	0	0	0	0	0	0	0	0	0	0	0	0	0	0	34	10	0	5	0	0	0	0	0	0	0	0	0	0	0	0	0	0	0	0	0	0	0	0	0	0	0	0	0	0	0	17	0	0	0	0	0	3	0	15
10	assemblage-353-783	0	0	0	0	0	0	0	0	0	0	0	0	0	0	0	0	0	0	0	0	0	0	0	0	11	0	0	0	0	0	18	0	0	0	0	0	0	0	0	325	0	0	0	0	0	0	0	0	88	0	0	0	0	0	0	0	0	45	0	0	0	0	0	0	0	0	0	0	0	0	0	0	0	0	0	0	0	0	0	0	0	0	0	0	0	0	0	0	0	0	0	0	0	0	0	13

11	assemblage-396-264	0	0	0	0	0	0	0	0	0	0	0	0	0	0	0	0	0	0	0	0	0	0	0	0	0	0	0	0	0	0	0	0	0	0	0	0	0	0	0	0	0	0	0	0	0	0	0	0	0	0	0	0	0	162	0	0	0	0	0	0	0	0	17	0	0	0	0	0	0	0	0	0	0	0	0	0	0	7	0	0	0	0	0	0	11	0	292	0	0	0	0	0	0	0	0	11
11	assemblage-332-494	0	0	31	0	0	0	0	0	0	0	0	37	0	0	0	0	0	0	0	0	0	0	0	10	0	0	0	0	0	0	0	0	0	0	0	0	0	0	0	321	0	0	0	0	0	0	0	0	0	0	0	0	0	67	0	0	0	0	0	0	0	0	0	0	11	0	0	0	0	0	0	0	0	0	0	0	0	0	0	0	0	0	0	0	0	0	0	0	0	0	0	0	0	0	0	23
11	assemblage-797-172	0	18	0	0	0	0	0	0	0	0	0	0	0	0	0	0	0	0	0	0	0	0	0	0	0	0	0	0	0	0	0	0	0	0	0	5	0	0	0	37	0	6	0	0	0	0	0	0	0	0	0	0	0	0	0	0	0	396	0	0	0	0	0	8	0	0	0	0	0	0	0	0	0	0	0	0	0	0	0	0	0	0	0	0	0	0	0	9	0	0	4	0	0	0	0	17

12	assemblage-396-264	0	0	0	0	0	0	0	0	0	0	0	0	0	0	0	0	0	0	0	0	0	0	0	0	0	0	0	0	0	0	0	0	0	0	0	0	0	0	0	0	0	0	0	0	0	0	0	0	0	0	0	0	0	162	0	0	0	0	0	0	0	0	17	0	0	0	0	0	0	0	0	0	0	0	0	0	0	7	0	0	0	0	0	0	11	0	292	0	0	0	0	0	0	0	0	11
12	assemblage-332-494	0	0	31	0	0	0	0	0	0	0	0	37	0	0	0	0	0	0	0	0	0	0	0	10	0	0	0	0	0	0	0	0	0	0	0	0	0	0	0	321	0	0	0	0	0	0	0	0	0	0	0	0	0	67	0	0	0	0	0	0	0	0	0	0	11	0	0	0	0	0	0	0	0	0	0	0	0	0	0	0	0	0	0	0	0	0	0	0	0	0	0	0	0	0	0	23
12	assemblage-353-783	0	0	0	0	0	0	0	0	0	0	0	0	0	0	0	0	0	0	0	0	0	0	0	0	11	0	0	0	0	0	18	0	0	0	0	0	0	0	0	325	0	0	0	0	0	0	0	0	88	0	0	0	0	0	0	0	0	45	0	0	0	0	0	0	0	0	0	0	0	0	0	0	0	0	0	0	0	0	0	0	0	0	0	0	0	0	0	0	0	0	0	0	0	0	0	13

13	assemblage-396-264	0	0	0	0	0	0	0	0	0	0	0	0	0	0	0	0	0	0	0	0	0	0	0	0	0	0	0	0	0	0	0	0	0	0	0	0	0	0	0	0	0	0	0	0	0	0	0	0	0	0	0	0	0	162	0	0	0	0	0	0	0	0	17	0	0	0	0	0	0	0	0	0	0	0	0	0	0	7	0	0	0	0	0	0	11	0	292	0	0	0	0	0	0	0	0	11
13	assemblage-332-494	0	0	31	0	0	0	0	0	0	0	0	37	0	0	0	0	0	0	0	0	0	0	0	10	0	0	0	0	0	0	0	0	0	0	0	0	0	0	0	321	0	0	0	0	0	0	0	0	0	0	0	0	0	67	0	0	0	0	0	0	0	0	0	0	11	0	0	0	0	0	0	0	0	0	0	0	0	0	0	0	0	0	0	0	0	0	0	0	0	0	0	0	0	0	0	23
13	assemblage-790-152	0	0	0	0	0	0	0	0	0	0	0	0	0	0	0	0	0	0	0	0	0	0	0	0	0	0	0	30	0	4	0	0	0	0	0	0	0	0	0	382	0	0	0	0	0	0	0	0	0	0	0	0	0	0	0	0	34	10	0	5	0	0	0	0	0	0	0	0	0	0	0	0	0	0	0	0	0	0	0	0	0	0	0	0	0	0	0	17	0	0	0	0	0	3	0	15

14	assemblage-396-264	0	0	0	0	0	0	0	0	0	0	0	0	0	0	0	0	0	0	0	0	0	0	0	0	0	0	0	0	0	0	0	0	0	0	0	0	0	0	0	0	0	0	0	0	0	0	0	0	0	0	0	0	0	162	0	0	0	0	0	0	0	0	17	0	0	0	0	0	0	0	0	0	0	0	0	0	0	7	0	0	0	0	0	0	11	0	292	0	0	0	0	0	0	0	0	11
14	assemblage-255-215	0	0	0	0	0	12	0	0	0	0	0	17	0	0	0	0	0	0	0	0	0	0	0	0	0	0	0	0	0	0	0	0	0	0	0	0	0	0	0	19	0	0	0	0	0	0	0	0	0	0	0	0	0	240	0	0	0	0	0	0	0	0	0	0	43	0	0	0	0	0	0	0	0	0	0	12	0	0	0	0	0	0	0	0	0	0	129	0	0	0	0	0	0	0	0	28
14	assemblage-784-282	0	0	0	0	0	0	0	0	0	0	0	0	0	0	0	0	0	0	0	0	0	0	0	0	0	0	0	29	0	0	0	0	0	0	0	0	0	0	0	365	0	0	0	0	0	0	0	0	0	0	0	0	0	0	0	0	23	18	0	8	3	0	0	0	0	0	0	0	0	0	0	0	0	0	0	0	0	0	0	0	0	0	0	0	0	0	0	17	0	0	0	0	0	7	0	30

15	assemblage-396-264	0	0	0	0	0	0	0	0	0	0	0	0	0	0	0	0	0	0	0	0	0	0	0	0	0	0	0	0	0	0	0	0	0	0	0	0	0	0	0	0	0	0	0	0	0	0	0	0	0	0	0	0	0	162	0	0	0	0	0	0	0	0	17	0	0	0	0	0	0	0	0	0	0	0	0	0	0	7	0	0	0	0	0	0	11	0	292	0	0	0	0	0	0	0	0	11
15	assemblage-255-215	0	0	0	0	0	12	0	0	0	0	0	17	0	0	0	0	0	0	0	0	0	0	0	0	0	0	0	0	0	0	0	0	0	0	0	0	0	0	0	19	0	0	0	0	0	0	0	0	0	0	0	0	0	240	0	0	0	0	0	0	0	0	0	0	43	0	0	0	0	0	0	0	0	0	0	12	0	0	0	0	0	0	0	0	0	0	129	0	0	0	0	0	0	0	0	28
15	assemblage-797-172	0	18	0	0	0	0	0	0	0	0	0	0	0	0	0	0	0	0	0	0	0	0	0	0	0	0	0	0	0	0	0	0	0	0	0	5	0	0	0	37	0	6	0	0	0	0	0	0	0	0	0	0	0	0	0	0	0	396	0	0	0	0	0	8	0	0	0	0	0	0	0	0	0	0	0	0	0	0	0	0	0	0	0	0	0	0	0	9	0	0	4	0	0	0	0	17

16	assemblage-396-264	0	0	0	0	0	0	0	0	0	0	0	0	0	0	0	0	0	0	0	0	0	0	0	0	0	0	0	0	0	0	0	0	0	0	0	0	0	0	0	0	0	0	0	0	0	0	0	0	0	0	0	0	0	162	0	0	0	0	0	0	0	0	17	0	0	0	0	0	0	0	0	0	0	0	0	0	0	7	0	0	0	0	0	0	11	0	292	0	0	0	0	0	0	0	0	11
16	assemblage-255-215	0	0	0	0	0	12	0	0	0	0	0	17	0	0	0	0	0	0	0	0	0	0	0	0	0	0	0	0	0	0	0	0	0	0	0	0	0	0	0	19	0	0	0	0	0	0	0	0	0	0	0	0	0	240	0	0	0	0	0	0	0	0	0	0	43	0	0	0	0	0	0	0	0	0	0	12	0	0	0	0	0	0	0	0	0	0	129	0	0	0	0	0	0	0	0	28
16	assemblage-353-783	0	0	0	0	0	0	0	0	0	0	0	0	0	0	0	0	0	0	0	0	0	0	0	0	11	0	0	0	0	0	18	0	0	0	0	0	0	0	0	325	0	0	0	0	0	0	0	0	88	0	0	0	0	0	0	0	0	45	0	0	0	0	0	0	0	0	0	0	0	0	0	0	0	0	0	0	0	0	0	0	0	0	0	0	0	0	0	0	0	0	0	0	0	0	0	13

17	assemblage-396-264	0	0	0	0	0	0	0	0	0	0	0	0	0	0	0	0	0	0	0	0	0	0	0	0	0	0	0	0	0	0	0	0	0	0	0	0	0	0	0	0	0	0	0	0	0	0	0	0	0	0	0	0	0	162	0	0	0	0	0	0	0	0	17	0	0	0	0	0	0	0	0	0	0	0	0	0	0	7	0	0	0	0	0	0	11	0	292	0	0	0	0	0	0	0	0	11
17	assemblage-255-215	0	0	0	0	0	12	0	0	0	0	0	17	0	0	0	0	0	0	0	0	0	0	0	0	0	0	0	0	0	0	0	0	0	0	0	0	0	0	0	19	0	0	0	0	0	0	0	0	0	0	0	0	0	240	0	0	0	0	0	0	0	0	0	0	43	0	0	0	0	0	0	0	0	0	0	12	0	0	0	0	0	0	0	0	0	0	129	0	0	0	0	0	0	0	0	28
17	assemblage-790-152	0	0	0	0	0	0	0	0	0	0	0	0	0	0	0	0	0	0	0	0	0	0	0	0	0	0	0	30	0	4	0	0	0	0	0	0	0	0	0	382	0	0	0	0	0	0	0	0	0	0	0	0	0	0	0	0	34	10	0	5	0	0	0	0	0	0	0	0	0	0	0	0	0	0	0	0	0	0	0	0	0	0	0	0	0	0	0	17	0	0	0	0	0	3	0	15

18	assemblage-396-264	0	0	0	0	0	0	0	0	0	0	0	0	0	0	0	0	0	0	0	0	0	0	0	0	0	0	0	0	0	0	0	0	0	0	0	0	0	0	0	0	0	0	0	0	0	0	0	0	0	0	0	0	0	162	0	0	0	0	0	0	0	0	17	0	0	0	0	0	0	0	0	0	0	0	0	0	0	7	0	0	0	0	0	0	11	0	292	0	0	0	0	0	0	0	0	11
18	assemblage-255-215	0	0	0	0	0	12	0	0	0	0	0	17	0	0	0	0	0	0	0	0	0	0	0	0	0	0	0	0	0	0	0	0	0	0	0	0	0	0	0	19	0	0	0	0	0	0	0	0	0	0	0	0	0	240	0	0	0	0	0	0	0	0	0	0	43	0	0	0	0	0	0	0	0	0	0	12	0	0	0	0	0	0	0	0	0	0	129	0	0	0	0	0	0	0	0	28
18	assemblage-332-494	0	0	31	0	0	0	0	0	0	0	0	37	0	0	0	0	0	0	0	0	0	0	0	10	0	0	0	0	0	0	0	0	0	0	0	0	0	0	0	321	0	0	0	0	0	0	0	0	0	0	0	0	0	67	0	0	0	0	0	0	0	0	0	0	11	0	0	0	0	0	0	0	0	0	0	0	0	0	0	0	0	0	0	0	0	0	0	0	0	0	0	0	0	0	0	23

19	assemblage-396-264	0	0	0	0	0	0	0	0	0	0	0	0	0	0	0	0	0	0	0	0	0	0	0	0	0	0	0	0	0	0	0	0	0	0	0	0	0	0	0	0	0	0	0	0	0	0	0	0	0	0	0	0	0	162	0	0	0	0	0	0	0	0	17	0	0	0	0	0	0	0	0	0	0	0	0	0	0	7	0	0	0	0	0	0	11	0	292	0	0	0	0	0	0	0	0	11
19	assemblage-147-865	0	0	0	0	0	7	0	0	0	0	0	15	0	0	0	0	0	0	0	0	0	0	0	0	0	0	0	0	0	0	0	0	0	0	0	0	0	0	0	27	0	0	0	0	0	0	0	0	0	0	0	0	0	225	0	0	0	0	0	0	0	0	0	0	55	0	0	0	0	0	0	0	0	0	0	0	0	0	0	0	0	0	0	0	0	0	150	0	0	0	0	0	0	0	0	21
19	assemblage-797-172	0	18	0	0	0	0	0	0	0	0	0	0	0	0	0	0	0	0	0	0	0	0	0	0	0	0	0	0	0	0	0	0	0	0	0	5	0	0	0	37	0	6	0	0	0	0	0	0	0	0	0	0	0	0	0	0	0	396	0	0	0	0	0	8	0	0	0	0	0	0	0	0	0	0	0	0	0	0	0	0	0	0	0	0	0	0	0	9	0	0	4	0	0	0	0	17

20	assemblage-396-264	0	0	0	0	0	0	0	0	0	0	0	0	0	0	0	0	0	0	0	0	0	0	0	0	0	0	0	0	0	0	0	0	0	0	0	0	0	0	0	0	0	0	0	0	0	0	0	0	0	0	0	0	0	162	0	0	0	0	0	0	0	0	17	0	0	0	0	0	0	0	0	0	0	0	0	0	0	7	0	0	0	0	0	0	11	0	292	0	0	0	0	0	0	0	0	11
20	assemblage-147-865	0	0	0	0	0	7	0	0	0	0	0	15	0	0	0	0	0	0	0	0	0	0	0	0	0	0	0	0	0	0	0	0	0	0	0	0	0	0	0	27	0	0	0	0	0	0	0	0	0	0	0	0	0	225	0	0	0	0	0	0	0	0	0	0	55	0	0	0	0	0	0	0	0	0	0	0	0	0	0	0	0	0	0	0	0	0	150	0	0	0	0	0	0	0	0	21
20	assemblage-353-783	0	0	0	0	0	0	0	0	0	0	0	0	0	0	0	0	0	0	0	0	0	0	0	0	11	0	0	0	0	0	18	0	0	0	0	0	0	0	0	325	0	0	0	0	0	0	0	0	88	0	0	0	0	0	0	0	0	45	0	0	0	0	0	0	0	0	0	0	0	0	0	0	0	0	0	0	0	0	0	0	0	0	0	0	0	0	0	0	0	0	0	0	0	0	0	13

21	assemblage-396-264	0	0	0	0	0	0	0	0	0	0	0	0	0	0	0	0	0	0	0	0	0	0	0	0	0	0	0	0	0	0	0	0	0	0	0	0	0	0	0	0	0	0	0	0	0	0	0	0	0	0	0	0	0	162	0	0	0	0	0	0	0	0	17	0	0	0	0	0	0	0	0	0	0	0	0	0	0	7	0	0	0	0	0	0	11	0	292	0	0	0	0	0	0	0	0	11
21	assemblage-147-865	0	0	0	0	0	7	0	0	0	0	0	15	0	0	0	0	0	0	0	0	0	0	0	0	0	0	0	0	0	0	0	0	0	0	0	0	0	0	0	27	0	0	0	0	0	0	0	0	0	0	0	0	0	225	0	0	0	0	0	0	0	0	0	0	55	0	0	0	0	0	0	0	0	0	0	0	0	0	0	0	0	0	0	0	0	0	150	0	0	0	0	0	0	0	0	21
21	assemblage-790-152	0	0	0	0	0	0	0	0	0	0	0	0	0	0	0	0	0	0	0	0	0	0	0	0	0	0	0	30	0	4	0	0	0	0	0	0	0	0	0	382	0	0	0	0	0	0	0	0	0	0	0	0	0	0	0	0	34	10	0	5	0	0	0	0	0	0	0	0	0	0	0	0	0	0	0	0	0	0	0	0	0	0	0	0	0	0	0	17	0	0	0	0	0	3	0	15

