Seriation_Number	Assemblage	1-1-961758	3006998-4075085-3645851	3492134-4075085-1080695	1956842-1-662838	1-4318785-662838	5078850-4075085-0	3006998-4075085-0	7112087-4075085-0	1-1-3459632	1-1-939369	1-9245180-662838	3006998-3136167-3149087	3006998-8762103-1080695	3006998-4075085-1080695	1-1-1098687	3-2-2	6594255-4075085-1080695	3006998-8889578-5077756	1-1-1	3-3-0	2945216-1-662838	6464718-1-5315882	3651629-1-1	0-1-6959569	0-4-0	1-9735106-1	0-1-0	2968564-1-5315882	1-122771-662838	0-3-388503	3006998-4075085-8275949	3006998-3600905-0	2682187-8986383-0	3524686-1-1	1-3869680-662838	5267899-1-662838	6464718-7158566-5315882	6464718-1-0	3-4273888-2	3649110-2-8969068	0-3-3	0-3-0	887994-3-0	6168708-4075085-1080695	3006998-9331790-1080695	1-1-4293871	3006998-4075085-4884074	1411928-4075085-1080695	3006998-4075085-6112268	5267899-1-2321559	0-3-1953027	3006998-3232835-0	8085107-3-0	1-6875638-662838	3006998-4815028-1080695	1411928-4046272-1080695	2692857-4075085-1080695	5671433-4075085-0	1-1-662838	1-7783801-1	3006998-7825236-0	8350035-1-5315882	3006998-4075085-7835748	9358712-2-8969068	3006998-523481-1080695	3006998-2786137-1080695	9746805-4075085-0	1-1-7167634	3006998-3232835-7543514	1-7984203-2313438	3006998-6582870-0	3006998-3232835-8076016	9890219-1-6959569	0-3-1948231	5778534-1-1	3006998-1-0	3006998-4075085-7445345	4-4-1	763635-1-662838	1-1-7994803	1-1-338532	1-1-6739229	3006998-1-9094751	3006998-3232835-5077756	3006998-3826900-0	5267899-6071154-2321559
1	assemblage-930-730	0	0	0	0	0	0	0	0	0	0	0	26	19	261	0	0	0	0	0	0	0	0	0	0	0	0	0	0	0	0	0	0	0	0	0	0	0	0	0	0	0	0	0	6	0	0	0	0	0	0	0	0	0	0	0	0	0	0	44	0	0	0	0	0	0	0	0	0	0	0	0	0	0	0	0	0	0	0	0	130	0	0	0	0	0	14
1	assemblage-593-369	0	0	0	0	10	0	0	0	0	0	36	0	0	0	0	0	0	0	0	0	13	0	0	0	0	0	0	0	0	0	0	0	0	0	0	0	0	0	0	0	0	0	0	0	0	0	0	0	0	32	0	0	0	0	0	0	0	0	136	0	0	0	0	0	0	0	0	0	0	0	0	0	0	0	0	0	0	0	0	240	0	11	0	0	0	22
1	assemblage-254-702	0	0	0	0	0	0	0	0	10	0	0	0	0	0	0	0	0	0	408	0	0	24	0	0	0	11	0	0	0	0	0	0	0	0	0	0	0	0	0	0	0	23	0	0	0	0	0	0	0	0	0	0	0	0	0	0	0	0	0	0	0	0	0	0	0	0	0	2	0	0	0	0	0	0	0	7	0	0	0	0	0	0	0	0	0	15

2	assemblage-930-730	0	0	0	0	0	0	0	0	0	0	0	26	19	261	0	0	0	0	0	0	0	0	0	0	0	0	0	0	0	0	0	0	0	0	0	0	0	0	0	0	0	0	0	6	0	0	0	0	0	0	0	0	0	0	0	0	0	0	44	0	0	0	0	0	0	0	0	0	0	0	0	0	0	0	0	0	0	0	0	130	0	0	0	0	0	14
2	assemblage-816-430	0	0	0	16	0	34	44	0	0	0	0	0	0	0	0	0	0	0	43	0	0	0	0	0	0	0	0	0	0	0	0	0	0	4	0	99	0	0	0	0	0	0	0	0	0	0	0	0	0	52	0	0	0	0	0	0	0	0	191	0	0	0	0	0	0	0	0	0	0	0	0	0	0	0	0	0	0	0	0	0	0	0	0	0	0	17
2	assemblage-254-702	0	0	0	0	0	0	0	0	10	0	0	0	0	0	0	0	0	0	408	0	0	24	0	0	0	11	0	0	0	0	0	0	0	0	0	0	0	0	0	0	0	23	0	0	0	0	0	0	0	0	0	0	0	0	0	0	0	0	0	0	0	0	0	0	0	0	0	2	0	0	0	0	0	0	0	7	0	0	0	0	0	0	0	0	0	15

3	assemblage-920-647	0	0	0	0	0	0	0	0	0	0	0	0	0	0	0	0	0	0	0	0	0	8	0	9	0	0	63	0	0	0	0	0	0	0	0	0	0	173	0	0	0	0	0	0	0	0	0	0	0	0	0	0	0	0	0	0	0	0	0	0	0	0	0	0	0	0	0	0	0	0	0	0	0	0	0	168	0	53	0	0	0	0	10	0	0	16
3	assemblage-816-430	0	0	0	16	0	34	44	0	0	0	0	0	0	0	0	0	0	0	43	0	0	0	0	0	0	0	0	0	0	0	0	0	0	4	0	99	0	0	0	0	0	0	0	0	0	0	0	0	0	52	0	0	0	0	0	0	0	0	191	0	0	0	0	0	0	0	0	0	0	0	0	0	0	0	0	0	0	0	0	0	0	0	0	0	0	17
3	assemblage-593-369	0	0	0	0	10	0	0	0	0	0	36	0	0	0	0	0	0	0	0	0	13	0	0	0	0	0	0	0	0	0	0	0	0	0	0	0	0	0	0	0	0	0	0	0	0	0	0	0	0	32	0	0	0	0	0	0	0	0	136	0	0	0	0	0	0	0	0	0	0	0	0	0	0	0	0	0	0	0	0	240	0	11	0	0	0	22

4	assemblage-920-647	0	0	0	0	0	0	0	0	0	0	0	0	0	0	0	0	0	0	0	0	0	8	0	9	0	0	63	0	0	0	0	0	0	0	0	0	0	173	0	0	0	0	0	0	0	0	0	0	0	0	0	0	0	0	0	0	0	0	0	0	0	0	0	0	0	0	0	0	0	0	0	0	0	0	0	168	0	53	0	0	0	0	10	0	0	16
4	assemblage-760-273	0	14	0	0	0	0	161	0	0	0	0	0	0	5	0	0	0	0	55	0	0	0	0	0	0	0	0	0	0	0	0	0	0	0	0	0	0	0	0	0	0	0	0	0	0	0	0	0	0	0	0	60	0	0	0	0	0	0	0	0	0	11	136	0	0	0	0	0	25	0	0	0	0	0	0	0	0	0	0	0	0	0	0	0	14	19
4	assemblage-816-430	0	0	0	16	0	34	44	0	0	0	0	0	0	0	0	0	0	0	43	0	0	0	0	0	0	0	0	0	0	0	0	0	0	4	0	99	0	0	0	0	0	0	0	0	0	0	0	0	0	52	0	0	0	0	0	0	0	0	191	0	0	0	0	0	0	0	0	0	0	0	0	0	0	0	0	0	0	0	0	0	0	0	0	0	0	17

5	assemblage-920-647	0	0	0	0	0	0	0	0	0	0	0	0	0	0	0	0	0	0	0	0	0	8	0	9	0	0	63	0	0	0	0	0	0	0	0	0	0	173	0	0	0	0	0	0	0	0	0	0	0	0	0	0	0	0	0	0	0	0	0	0	0	0	0	0	0	0	0	0	0	0	0	0	0	0	0	168	0	53	0	0	0	0	10	0	0	16
5	assemblage-760-273	0	14	0	0	0	0	161	0	0	0	0	0	0	5	0	0	0	0	55	0	0	0	0	0	0	0	0	0	0	0	0	0	0	0	0	0	0	0	0	0	0	0	0	0	0	0	0	0	0	0	0	60	0	0	0	0	0	0	0	0	0	11	136	0	0	0	0	0	25	0	0	0	0	0	0	0	0	0	0	0	0	0	0	0	14	19
5	assemblage-930-730	0	0	0	0	0	0	0	0	0	0	0	26	19	261	0	0	0	0	0	0	0	0	0	0	0	0	0	0	0	0	0	0	0	0	0	0	0	0	0	0	0	0	0	6	0	0	0	0	0	0	0	0	0	0	0	0	0	0	44	0	0	0	0	0	0	0	0	0	0	0	0	0	0	0	0	0	0	0	0	130	0	0	0	0	0	14

6	assemblage-863-488	0	0	0	0	0	0	0	0	0	0	0	0	0	307	0	0	15	0	0	0	0	0	0	0	0	0	0	0	0	0	0	0	0	0	0	0	0	0	0	0	0	0	0	0	0	0	105	0	0	0	0	0	0	0	0	0	0	0	28	0	0	0	0	0	0	8	0	0	0	0	0	0	0	0	0	0	0	0	0	17	0	0	0	0	0	20
6	assemblage-593-369	0	0	0	0	10	0	0	0	0	0	36	0	0	0	0	0	0	0	0	0	13	0	0	0	0	0	0	0	0	0	0	0	0	0	0	0	0	0	0	0	0	0	0	0	0	0	0	0	0	32	0	0	0	0	0	0	0	0	136	0	0	0	0	0	0	0	0	0	0	0	0	0	0	0	0	0	0	0	0	240	0	11	0	0	0	22
6	assemblage-254-702	0	0	0	0	0	0	0	0	10	0	0	0	0	0	0	0	0	0	408	0	0	24	0	0	0	11	0	0	0	0	0	0	0	0	0	0	0	0	0	0	0	23	0	0	0	0	0	0	0	0	0	0	0	0	0	0	0	0	0	0	0	0	0	0	0	0	0	2	0	0	0	0	0	0	0	7	0	0	0	0	0	0	0	0	0	15

7	assemblage-863-488	0	0	0	0	0	0	0	0	0	0	0	0	0	307	0	0	15	0	0	0	0	0	0	0	0	0	0	0	0	0	0	0	0	0	0	0	0	0	0	0	0	0	0	0	0	0	105	0	0	0	0	0	0	0	0	0	0	0	28	0	0	0	0	0	0	8	0	0	0	0	0	0	0	0	0	0	0	0	0	17	0	0	0	0	0	20
7	assemblage-816-430	0	0	0	16	0	34	44	0	0	0	0	0	0	0	0	0	0	0	43	0	0	0	0	0	0	0	0	0	0	0	0	0	0	4	0	99	0	0	0	0	0	0	0	0	0	0	0	0	0	52	0	0	0	0	0	0	0	0	191	0	0	0	0	0	0	0	0	0	0	0	0	0	0	0	0	0	0	0	0	0	0	0	0	0	0	17
7	assemblage-254-702	0	0	0	0	0	0	0	0	10	0	0	0	0	0	0	0	0	0	408	0	0	24	0	0	0	11	0	0	0	0	0	0	0	0	0	0	0	0	0	0	0	23	0	0	0	0	0	0	0	0	0	0	0	0	0	0	0	0	0	0	0	0	0	0	0	0	0	2	0	0	0	0	0	0	0	7	0	0	0	0	0	0	0	0	0	15

8	assemblage-863-488	0	0	0	0	0	0	0	0	0	0	0	0	0	307	0	0	15	0	0	0	0	0	0	0	0	0	0	0	0	0	0	0	0	0	0	0	0	0	0	0	0	0	0	0	0	0	105	0	0	0	0	0	0	0	0	0	0	0	28	0	0	0	0	0	0	8	0	0	0	0	0	0	0	0	0	0	0	0	0	17	0	0	0	0	0	20
8	assemblage-930-730	0	0	0	0	0	0	0	0	0	0	0	26	19	261	0	0	0	0	0	0	0	0	0	0	0	0	0	0	0	0	0	0	0	0	0	0	0	0	0	0	0	0	0	6	0	0	0	0	0	0	0	0	0	0	0	0	0	0	44	0	0	0	0	0	0	0	0	0	0	0	0	0	0	0	0	0	0	0	0	130	0	0	0	0	0	14
8	assemblage-254-702	0	0	0	0	0	0	0	0	10	0	0	0	0	0	0	0	0	0	408	0	0	24	0	0	0	11	0	0	0	0	0	0	0	0	0	0	0	0	0	0	0	23	0	0	0	0	0	0	0	0	0	0	0	0	0	0	0	0	0	0	0	0	0	0	0	0	0	2	0	0	0	0	0	0	0	7	0	0	0	0	0	0	0	0	0	15

9	assemblage-863-488	0	0	0	0	0	0	0	0	0	0	0	0	0	307	0	0	15	0	0	0	0	0	0	0	0	0	0	0	0	0	0	0	0	0	0	0	0	0	0	0	0	0	0	0	0	0	105	0	0	0	0	0	0	0	0	0	0	0	28	0	0	0	0	0	0	8	0	0	0	0	0	0	0	0	0	0	0	0	0	17	0	0	0	0	0	20
9	assemblage-760-273	0	14	0	0	0	0	161	0	0	0	0	0	0	5	0	0	0	0	55	0	0	0	0	0	0	0	0	0	0	0	0	0	0	0	0	0	0	0	0	0	0	0	0	0	0	0	0	0	0	0	0	60	0	0	0	0	0	0	0	0	0	11	136	0	0	0	0	0	25	0	0	0	0	0	0	0	0	0	0	0	0	0	0	0	14	19
9	assemblage-254-702	0	0	0	0	0	0	0	0	10	0	0	0	0	0	0	0	0	0	408	0	0	24	0	0	0	11	0	0	0	0	0	0	0	0	0	0	0	0	0	0	0	23	0	0	0	0	0	0	0	0	0	0	0	0	0	0	0	0	0	0	0	0	0	0	0	0	0	2	0	0	0	0	0	0	0	7	0	0	0	0	0	0	0	0	0	15

10	assemblage-863-488	0	0	0	0	0	0	0	0	0	0	0	0	0	307	0	0	15	0	0	0	0	0	0	0	0	0	0	0	0	0	0	0	0	0	0	0	0	0	0	0	0	0	0	0	0	0	105	0	0	0	0	0	0	0	0	0	0	0	28	0	0	0	0	0	0	8	0	0	0	0	0	0	0	0	0	0	0	0	0	17	0	0	0	0	0	20
10	assemblage-920-647	0	0	0	0	0	0	0	0	0	0	0	0	0	0	0	0	0	0	0	0	0	8	0	9	0	0	63	0	0	0	0	0	0	0	0	0	0	173	0	0	0	0	0	0	0	0	0	0	0	0	0	0	0	0	0	0	0	0	0	0	0	0	0	0	0	0	0	0	0	0	0	0	0	0	0	168	0	53	0	0	0	0	10	0	0	16
10	assemblage-254-702	0	0	0	0	0	0	0	0	10	0	0	0	0	0	0	0	0	0	408	0	0	24	0	0	0	11	0	0	0	0	0	0	0	0	0	0	0	0	0	0	0	23	0	0	0	0	0	0	0	0	0	0	0	0	0	0	0	0	0	0	0	0	0	0	0	0	0	2	0	0	0	0	0	0	0	7	0	0	0	0	0	0	0	0	0	15

11	assemblage-423-796	22	0	0	0	0	0	0	0	0	0	0	0	0	0	0	0	0	0	201	229	0	0	35	0	0	0	0	0	0	0	0	0	0	0	0	0	0	0	0	0	0	0	4	0	0	0	0	0	0	0	0	0	0	0	0	0	0	0	0	0	0	0	0	0	0	0	0	0	0	0	0	0	0	0	0	0	0	0	0	0	0	0	0	0	0	9
11	assemblage-760-273	0	14	0	0	0	0	161	0	0	0	0	0	0	5	0	0	0	0	55	0	0	0	0	0	0	0	0	0	0	0	0	0	0	0	0	0	0	0	0	0	0	0	0	0	0	0	0	0	0	0	0	60	0	0	0	0	0	0	0	0	0	11	136	0	0	0	0	0	25	0	0	0	0	0	0	0	0	0	0	0	0	0	0	0	14	19
11	assemblage-816-430	0	0	0	16	0	34	44	0	0	0	0	0	0	0	0	0	0	0	43	0	0	0	0	0	0	0	0	0	0	0	0	0	0	4	0	99	0	0	0	0	0	0	0	0	0	0	0	0	0	52	0	0	0	0	0	0	0	0	191	0	0	0	0	0	0	0	0	0	0	0	0	0	0	0	0	0	0	0	0	0	0	0	0	0	0	17

12	assemblage-423-796	22	0	0	0	0	0	0	0	0	0	0	0	0	0	0	0	0	0	201	229	0	0	35	0	0	0	0	0	0	0	0	0	0	0	0	0	0	0	0	0	0	0	4	0	0	0	0	0	0	0	0	0	0	0	0	0	0	0	0	0	0	0	0	0	0	0	0	0	0	0	0	0	0	0	0	0	0	0	0	0	0	0	0	0	0	9
12	assemblage-760-273	0	14	0	0	0	0	161	0	0	0	0	0	0	5	0	0	0	0	55	0	0	0	0	0	0	0	0	0	0	0	0	0	0	0	0	0	0	0	0	0	0	0	0	0	0	0	0	0	0	0	0	60	0	0	0	0	0	0	0	0	0	11	136	0	0	0	0	0	25	0	0	0	0	0	0	0	0	0	0	0	0	0	0	0	14	19
12	assemblage-930-730	0	0	0	0	0	0	0	0	0	0	0	26	19	261	0	0	0	0	0	0	0	0	0	0	0	0	0	0	0	0	0	0	0	0	0	0	0	0	0	0	0	0	0	6	0	0	0	0	0	0	0	0	0	0	0	0	0	0	44	0	0	0	0	0	0	0	0	0	0	0	0	0	0	0	0	0	0	0	0	130	0	0	0	0	0	14

13	assemblage-423-796	22	0	0	0	0	0	0	0	0	0	0	0	0	0	0	0	0	0	201	229	0	0	35	0	0	0	0	0	0	0	0	0	0	0	0	0	0	0	0	0	0	0	4	0	0	0	0	0	0	0	0	0	0	0	0	0	0	0	0	0	0	0	0	0	0	0	0	0	0	0	0	0	0	0	0	0	0	0	0	0	0	0	0	0	0	9
13	assemblage-920-647	0	0	0	0	0	0	0	0	0	0	0	0	0	0	0	0	0	0	0	0	0	8	0	9	0	0	63	0	0	0	0	0	0	0	0	0	0	173	0	0	0	0	0	0	0	0	0	0	0	0	0	0	0	0	0	0	0	0	0	0	0	0	0	0	0	0	0	0	0	0	0	0	0	0	0	168	0	53	0	0	0	0	10	0	0	16
13	assemblage-930-730	0	0	0	0	0	0	0	0	0	0	0	26	19	261	0	0	0	0	0	0	0	0	0	0	0	0	0	0	0	0	0	0	0	0	0	0	0	0	0	0	0	0	0	6	0	0	0	0	0	0	0	0	0	0	0	0	0	0	44	0	0	0	0	0	0	0	0	0	0	0	0	0	0	0	0	0	0	0	0	130	0	0	0	0	0	14

14	assemblage-423-796	22	0	0	0	0	0	0	0	0	0	0	0	0	0	0	0	0	0	201	229	0	0	35	0	0	0	0	0	0	0	0	0	0	0	0	0	0	0	0	0	0	0	4	0	0	0	0	0	0	0	0	0	0	0	0	0	0	0	0	0	0	0	0	0	0	0	0	0	0	0	0	0	0	0	0	0	0	0	0	0	0	0	0	0	0	9
14	assemblage-863-488	0	0	0	0	0	0	0	0	0	0	0	0	0	307	0	0	15	0	0	0	0	0	0	0	0	0	0	0	0	0	0	0	0	0	0	0	0	0	0	0	0	0	0	0	0	0	105	0	0	0	0	0	0	0	0	0	0	0	28	0	0	0	0	0	0	8	0	0	0	0	0	0	0	0	0	0	0	0	0	17	0	0	0	0	0	20
14	assemblage-593-369	0	0	0	0	10	0	0	0	0	0	36	0	0	0	0	0	0	0	0	0	13	0	0	0	0	0	0	0	0	0	0	0	0	0	0	0	0	0	0	0	0	0	0	0	0	0	0	0	0	32	0	0	0	0	0	0	0	0	136	0	0	0	0	0	0	0	0	0	0	0	0	0	0	0	0	0	0	0	0	240	0	11	0	0	0	22

15	assemblage-423-796	22	0	0	0	0	0	0	0	0	0	0	0	0	0	0	0	0	0	201	229	0	0	35	0	0	0	0	0	0	0	0	0	0	0	0	0	0	0	0	0	0	0	4	0	0	0	0	0	0	0	0	0	0	0	0	0	0	0	0	0	0	0	0	0	0	0	0	0	0	0	0	0	0	0	0	0	0	0	0	0	0	0	0	0	0	9
15	assemblage-863-488	0	0	0	0	0	0	0	0	0	0	0	0	0	307	0	0	15	0	0	0	0	0	0	0	0	0	0	0	0	0	0	0	0	0	0	0	0	0	0	0	0	0	0	0	0	0	105	0	0	0	0	0	0	0	0	0	0	0	28	0	0	0	0	0	0	8	0	0	0	0	0	0	0	0	0	0	0	0	0	17	0	0	0	0	0	20
15	assemblage-930-730	0	0	0	0	0	0	0	0	0	0	0	26	19	261	0	0	0	0	0	0	0	0	0	0	0	0	0	0	0	0	0	0	0	0	0	0	0	0	0	0	0	0	0	6	0	0	0	0	0	0	0	0	0	0	0	0	0	0	44	0	0	0	0	0	0	0	0	0	0	0	0	0	0	0	0	0	0	0	0	130	0	0	0	0	0	14

16	assemblage-423-796	22	0	0	0	0	0	0	0	0	0	0	0	0	0	0	0	0	0	201	229	0	0	35	0	0	0	0	0	0	0	0	0	0	0	0	0	0	0	0	0	0	0	4	0	0	0	0	0	0	0	0	0	0	0	0	0	0	0	0	0	0	0	0	0	0	0	0	0	0	0	0	0	0	0	0	0	0	0	0	0	0	0	0	0	0	9
16	assemblage-863-488	0	0	0	0	0	0	0	0	0	0	0	0	0	307	0	0	15	0	0	0	0	0	0	0	0	0	0	0	0	0	0	0	0	0	0	0	0	0	0	0	0	0	0	0	0	0	105	0	0	0	0	0	0	0	0	0	0	0	28	0	0	0	0	0	0	8	0	0	0	0	0	0	0	0	0	0	0	0	0	17	0	0	0	0	0	20
16	assemblage-920-647	0	0	0	0	0	0	0	0	0	0	0	0	0	0	0	0	0	0	0	0	0	8	0	9	0	0	63	0	0	0	0	0	0	0	0	0	0	173	0	0	0	0	0	0	0	0	0	0	0	0	0	0	0	0	0	0	0	0	0	0	0	0	0	0	0	0	0	0	0	0	0	0	0	0	0	168	0	53	0	0	0	0	10	0	0	16

17	assemblage-403-242	0	0	0	0	0	0	0	0	0	0	0	0	0	436	0	0	0	0	0	0	0	0	0	0	0	0	0	0	0	0	0	0	0	0	0	0	0	0	0	0	0	0	0	0	0	0	8	0	0	0	0	0	0	0	0	0	0	0	7	0	0	0	0	0	1	0	0	0	0	0	0	0	0	0	0	0	0	0	0	38	0	0	0	0	0	10
17	assemblage-593-369	0	0	0	0	10	0	0	0	0	0	36	0	0	0	0	0	0	0	0	0	13	0	0	0	0	0	0	0	0	0	0	0	0	0	0	0	0	0	0	0	0	0	0	0	0	0	0	0	0	32	0	0	0	0	0	0	0	0	136	0	0	0	0	0	0	0	0	0	0	0	0	0	0	0	0	0	0	0	0	240	0	11	0	0	0	22
17	assemblage-254-702	0	0	0	0	0	0	0	0	10	0	0	0	0	0	0	0	0	0	408	0	0	24	0	0	0	11	0	0	0	0	0	0	0	0	0	0	0	0	0	0	0	23	0	0	0	0	0	0	0	0	0	0	0	0	0	0	0	0	0	0	0	0	0	0	0	0	0	2	0	0	0	0	0	0	0	7	0	0	0	0	0	0	0	0	0	15

18	assemblage-403-242	0	0	0	0	0	0	0	0	0	0	0	0	0	436	0	0	0	0	0	0	0	0	0	0	0	0	0	0	0	0	0	0	0	0	0	0	0	0	0	0	0	0	0	0	0	0	8	0	0	0	0	0	0	0	0	0	0	0	7	0	0	0	0	0	1	0	0	0	0	0	0	0	0	0	0	0	0	0	0	38	0	0	0	0	0	10
18	assemblage-816-430	0	0	0	16	0	34	44	0	0	0	0	0	0	0	0	0	0	0	43	0	0	0	0	0	0	0	0	0	0	0	0	0	0	4	0	99	0	0	0	0	0	0	0	0	0	0	0	0	0	52	0	0	0	0	0	0	0	0	191	0	0	0	0	0	0	0	0	0	0	0	0	0	0	0	0	0	0	0	0	0	0	0	0	0	0	17
18	assemblage-254-702	0	0	0	0	0	0	0	0	10	0	0	0	0	0	0	0	0	0	408	0	0	24	0	0	0	11	0	0	0	0	0	0	0	0	0	0	0	0	0	0	0	23	0	0	0	0	0	0	0	0	0	0	0	0	0	0	0	0	0	0	0	0	0	0	0	0	0	2	0	0	0	0	0	0	0	7	0	0	0	0	0	0	0	0	0	15

19	assemblage-403-242	0	0	0	0	0	0	0	0	0	0	0	0	0	436	0	0	0	0	0	0	0	0	0	0	0	0	0	0	0	0	0	0	0	0	0	0	0	0	0	0	0	0	0	0	0	0	8	0	0	0	0	0	0	0	0	0	0	0	7	0	0	0	0	0	1	0	0	0	0	0	0	0	0	0	0	0	0	0	0	38	0	0	0	0	0	10
19	assemblage-930-730	0	0	0	0	0	0	0	0	0	0	0	26	19	261	0	0	0	0	0	0	0	0	0	0	0	0	0	0	0	0	0	0	0	0	0	0	0	0	0	0	0	0	0	6	0	0	0	0	0	0	0	0	0	0	0	0	0	0	44	0	0	0	0	0	0	0	0	0	0	0	0	0	0	0	0	0	0	0	0	130	0	0	0	0	0	14
19	assemblage-254-702	0	0	0	0	0	0	0	0	10	0	0	0	0	0	0	0	0	0	408	0	0	24	0	0	0	11	0	0	0	0	0	0	0	0	0	0	0	0	0	0	0	23	0	0	0	0	0	0	0	0	0	0	0	0	0	0	0	0	0	0	0	0	0	0	0	0	0	2	0	0	0	0	0	0	0	7	0	0	0	0	0	0	0	0	0	15

20	assemblage-403-242	0	0	0	0	0	0	0	0	0	0	0	0	0	436	0	0	0	0	0	0	0	0	0	0	0	0	0	0	0	0	0	0	0	0	0	0	0	0	0	0	0	0	0	0	0	0	8	0	0	0	0	0	0	0	0	0	0	0	7	0	0	0	0	0	1	0	0	0	0	0	0	0	0	0	0	0	0	0	0	38	0	0	0	0	0	10
20	assemblage-760-273	0	14	0	0	0	0	161	0	0	0	0	0	0	5	0	0	0	0	55	0	0	0	0	0	0	0	0	0	0	0	0	0	0	0	0	0	0	0	0	0	0	0	0	0	0	0	0	0	0	0	0	60	0	0	0	0	0	0	0	0	0	11	136	0	0	0	0	0	25	0	0	0	0	0	0	0	0	0	0	0	0	0	0	0	14	19
20	assemblage-254-702	0	0	0	0	0	0	0	0	10	0	0	0	0	0	0	0	0	0	408	0	0	24	0	0	0	11	0	0	0	0	0	0	0	0	0	0	0	0	0	0	0	23	0	0	0	0	0	0	0	0	0	0	0	0	0	0	0	0	0	0	0	0	0	0	0	0	0	2	0	0	0	0	0	0	0	7	0	0	0	0	0	0	0	0	0	15

21	assemblage-403-242	0	0	0	0	0	0	0	0	0	0	0	0	0	436	0	0	0	0	0	0	0	0	0	0	0	0	0	0	0	0	0	0	0	0	0	0	0	0	0	0	0	0	0	0	0	0	8	0	0	0	0	0	0	0	0	0	0	0	7	0	0	0	0	0	1	0	0	0	0	0	0	0	0	0	0	0	0	0	0	38	0	0	0	0	0	10
21	assemblage-920-647	0	0	0	0	0	0	0	0	0	0	0	0	0	0	0	0	0	0	0	0	0	8	0	9	0	0	63	0	0	0	0	0	0	0	0	0	0	173	0	0	0	0	0	0	0	0	0	0	0	0	0	0	0	0	0	0	0	0	0	0	0	0	0	0	0	0	0	0	0	0	0	0	0	0	0	168	0	53	0	0	0	0	10	0	0	16
21	assemblage-254-702	0	0	0	0	0	0	0	0	10	0	0	0	0	0	0	0	0	0	408	0	0	24	0	0	0	11	0	0	0	0	0	0	0	0	0	0	0	0	0	0	0	23	0	0	0	0	0	0	0	0	0	0	0	0	0	0	0	0	0	0	0	0	0	0	0	0	0	2	0	0	0	0	0	0	0	7	0	0	0	0	0	0	0	0	0	15

22	assemblage-403-242	0	0	0	0	0	0	0	0	0	0	0	0	0	436	0	0	0	0	0	0	0	0	0	0	0	0	0	0	0	0	0	0	0	0	0	0	0	0	0	0	0	0	0	0	0	0	8	0	0	0	0	0	0	0	0	0	0	0	7	0	0	0	0	0	1	0	0	0	0	0	0	0	0	0	0	0	0	0	0	38	0	0	0	0	0	10
22	assemblage-863-488	0	0	0	0	0	0	0	0	0	0	0	0	0	307	0	0	15	0	0	0	0	0	0	0	0	0	0	0	0	0	0	0	0	0	0	0	0	0	0	0	0	0	0	0	0	0	105	0	0	0	0	0	0	0	0	0	0	0	28	0	0	0	0	0	0	8	0	0	0	0	0	0	0	0	0	0	0	0	0	17	0	0	0	0	0	20
22	assemblage-254-702	0	0	0	0	0	0	0	0	10	0	0	0	0	0	0	0	0	0	408	0	0	24	0	0	0	11	0	0	0	0	0	0	0	0	0	0	0	0	0	0	0	23	0	0	0	0	0	0	0	0	0	0	0	0	0	0	0	0	0	0	0	0	0	0	0	0	0	2	0	0	0	0	0	0	0	7	0	0	0	0	0	0	0	0	0	15

23	assemblage-403-242	0	0	0	0	0	0	0	0	0	0	0	0	0	436	0	0	0	0	0	0	0	0	0	0	0	0	0	0	0	0	0	0	0	0	0	0	0	0	0	0	0	0	0	0	0	0	8	0	0	0	0	0	0	0	0	0	0	0	7	0	0	0	0	0	1	0	0	0	0	0	0	0	0	0	0	0	0	0	0	38	0	0	0	0	0	10
23	assemblage-863-488	0	0	0	0	0	0	0	0	0	0	0	0	0	307	0	0	15	0	0	0	0	0	0	0	0	0	0	0	0	0	0	0	0	0	0	0	0	0	0	0	0	0	0	0	0	0	105	0	0	0	0	0	0	0	0	0	0	0	28	0	0	0	0	0	0	8	0	0	0	0	0	0	0	0	0	0	0	0	0	17	0	0	0	0	0	20
23	assemblage-816-430	0	0	0	16	0	34	44	0	0	0	0	0	0	0	0	0	0	0	43	0	0	0	0	0	0	0	0	0	0	0	0	0	0	4	0	99	0	0	0	0	0	0	0	0	0	0	0	0	0	52	0	0	0	0	0	0	0	0	191	0	0	0	0	0	0	0	0	0	0	0	0	0	0	0	0	0	0	0	0	0	0	0	0	0	0	17

24	assemblage-403-242	0	0	0	0	0	0	0	0	0	0	0	0	0	436	0	0	0	0	0	0	0	0	0	0	0	0	0	0	0	0	0	0	0	0	0	0	0	0	0	0	0	0	0	0	0	0	8	0	0	0	0	0	0	0	0	0	0	0	7	0	0	0	0	0	1	0	0	0	0	0	0	0	0	0	0	0	0	0	0	38	0	0	0	0	0	10
24	assemblage-863-488	0	0	0	0	0	0	0	0	0	0	0	0	0	307	0	0	15	0	0	0	0	0	0	0	0	0	0	0	0	0	0	0	0	0	0	0	0	0	0	0	0	0	0	0	0	0	105	0	0	0	0	0	0	0	0	0	0	0	28	0	0	0	0	0	0	8	0	0	0	0	0	0	0	0	0	0	0	0	0	17	0	0	0	0	0	20
24	assemblage-760-273	0	14	0	0	0	0	161	0	0	0	0	0	0	5	0	0	0	0	55	0	0	0	0	0	0	0	0	0	0	0	0	0	0	0	0	0	0	0	0	0	0	0	0	0	0	0	0	0	0	0	0	60	0	0	0	0	0	0	0	0	0	11	136	0	0	0	0	0	25	0	0	0	0	0	0	0	0	0	0	0	0	0	0	0	14	19

25	assemblage-403-242	0	0	0	0	0	0	0	0	0	0	0	0	0	436	0	0	0	0	0	0	0	0	0	0	0	0	0	0	0	0	0	0	0	0	0	0	0	0	0	0	0	0	0	0	0	0	8	0	0	0	0	0	0	0	0	0	0	0	7	0	0	0	0	0	1	0	0	0	0	0	0	0	0	0	0	0	0	0	0	38	0	0	0	0	0	10
25	assemblage-863-488	0	0	0	0	0	0	0	0	0	0	0	0	0	307	0	0	15	0	0	0	0	0	0	0	0	0	0	0	0	0	0	0	0	0	0	0	0	0	0	0	0	0	0	0	0	0	105	0	0	0	0	0	0	0	0	0	0	0	28	0	0	0	0	0	0	8	0	0	0	0	0	0	0	0	0	0	0	0	0	17	0	0	0	0	0	20
25	assemblage-920-647	0	0	0	0	0	0	0	0	0	0	0	0	0	0	0	0	0	0	0	0	0	8	0	9	0	0	63	0	0	0	0	0	0	0	0	0	0	173	0	0	0	0	0	0	0	0	0	0	0	0	0	0	0	0	0	0	0	0	0	0	0	0	0	0	0	0	0	0	0	0	0	0	0	0	0	168	0	53	0	0	0	0	10	0	0	16

26	assemblage-403-242	0	0	0	0	0	0	0	0	0	0	0	0	0	436	0	0	0	0	0	0	0	0	0	0	0	0	0	0	0	0	0	0	0	0	0	0	0	0	0	0	0	0	0	0	0	0	8	0	0	0	0	0	0	0	0	0	0	0	7	0	0	0	0	0	1	0	0	0	0	0	0	0	0	0	0	0	0	0	0	38	0	0	0	0	0	10
26	assemblage-423-796	22	0	0	0	0	0	0	0	0	0	0	0	0	0	0	0	0	0	201	229	0	0	35	0	0	0	0	0	0	0	0	0	0	0	0	0	0	0	0	0	0	0	4	0	0	0	0	0	0	0	0	0	0	0	0	0	0	0	0	0	0	0	0	0	0	0	0	0	0	0	0	0	0	0	0	0	0	0	0	0	0	0	0	0	0	9
26	assemblage-254-702	0	0	0	0	0	0	0	0	10	0	0	0	0	0	0	0	0	0	408	0	0	24	0	0	0	11	0	0	0	0	0	0	0	0	0	0	0	0	0	0	0	23	0	0	0	0	0	0	0	0	0	0	0	0	0	0	0	0	0	0	0	0	0	0	0	0	0	2	0	0	0	0	0	0	0	7	0	0	0	0	0	0	0	0	0	15

27	assemblage-403-242	0	0	0	0	0	0	0	0	0	0	0	0	0	436	0	0	0	0	0	0	0	0	0	0	0	0	0	0	0	0	0	0	0	0	0	0	0	0	0	0	0	0	0	0	0	0	8	0	0	0	0	0	0	0	0	0	0	0	7	0	0	0	0	0	1	0	0	0	0	0	0	0	0	0	0	0	0	0	0	38	0	0	0	0	0	10
27	assemblage-423-796	22	0	0	0	0	0	0	0	0	0	0	0	0	0	0	0	0	0	201	229	0	0	35	0	0	0	0	0	0	0	0	0	0	0	0	0	0	0	0	0	0	0	4	0	0	0	0	0	0	0	0	0	0	0	0	0	0	0	0	0	0	0	0	0	0	0	0	0	0	0	0	0	0	0	0	0	0	0	0	0	0	0	0	0	0	9
27	assemblage-920-647	0	0	0	0	0	0	0	0	0	0	0	0	0	0	0	0	0	0	0	0	0	8	0	9	0	0	63	0	0	0	0	0	0	0	0	0	0	173	0	0	0	0	0	0	0	0	0	0	0	0	0	0	0	0	0	0	0	0	0	0	0	0	0	0	0	0	0	0	0	0	0	0	0	0	0	168	0	53	0	0	0	0	10	0	0	16

28	assemblage-129-651	0	0	0	0	0	0	0	0	0	0	0	0	0	0	0	0	0	0	3	0	0	0	0	0	72	0	0	0	0	13	0	0	0	0	0	0	0	0	0	0	60	268	0	0	0	0	0	0	0	0	52	0	0	0	0	0	0	0	0	0	0	0	0	0	0	0	0	0	0	0	0	0	0	11	0	0	0	0	0	0	0	0	0	0	0	21
28	assemblage-760-273	0	14	0	0	0	0	161	0	0	0	0	0	0	5	0	0	0	0	55	0	0	0	0	0	0	0	0	0	0	0	0	0	0	0	0	0	0	0	0	0	0	0	0	0	0	0	0	0	0	0	0	60	0	0	0	0	0	0	0	0	0	11	136	0	0	0	0	0	25	0	0	0	0	0	0	0	0	0	0	0	0	0	0	0	14	19
28	assemblage-593-369	0	0	0	0	10	0	0	0	0	0	36	0	0	0	0	0	0	0	0	0	13	0	0	0	0	0	0	0	0	0	0	0	0	0	0	0	0	0	0	0	0	0	0	0	0	0	0	0	0	32	0	0	0	0	0	0	0	0	136	0	0	0	0	0	0	0	0	0	0	0	0	0	0	0	0	0	0	0	0	240	0	11	0	0	0	22

29	assemblage-129-651	0	0	0	0	0	0	0	0	0	0	0	0	0	0	0	0	0	0	3	0	0	0	0	0	72	0	0	0	0	13	0	0	0	0	0	0	0	0	0	0	60	268	0	0	0	0	0	0	0	0	52	0	0	0	0	0	0	0	0	0	0	0	0	0	0	0	0	0	0	0	0	0	0	11	0	0	0	0	0	0	0	0	0	0	0	21
29	assemblage-760-273	0	14	0	0	0	0	161	0	0	0	0	0	0	5	0	0	0	0	55	0	0	0	0	0	0	0	0	0	0	0	0	0	0	0	0	0	0	0	0	0	0	0	0	0	0	0	0	0	0	0	0	60	0	0	0	0	0	0	0	0	0	11	136	0	0	0	0	0	25	0	0	0	0	0	0	0	0	0	0	0	0	0	0	0	14	19
29	assemblage-816-430	0	0	0	16	0	34	44	0	0	0	0	0	0	0	0	0	0	0	43	0	0	0	0	0	0	0	0	0	0	0	0	0	0	4	0	99	0	0	0	0	0	0	0	0	0	0	0	0	0	52	0	0	0	0	0	0	0	0	191	0	0	0	0	0	0	0	0	0	0	0	0	0	0	0	0	0	0	0	0	0	0	0	0	0	0	17

30	assemblage-129-651	0	0	0	0	0	0	0	0	0	0	0	0	0	0	0	0	0	0	3	0	0	0	0	0	72	0	0	0	0	13	0	0	0	0	0	0	0	0	0	0	60	268	0	0	0	0	0	0	0	0	52	0	0	0	0	0	0	0	0	0	0	0	0	0	0	0	0	0	0	0	0	0	0	11	0	0	0	0	0	0	0	0	0	0	0	21
30	assemblage-760-273	0	14	0	0	0	0	161	0	0	0	0	0	0	5	0	0	0	0	55	0	0	0	0	0	0	0	0	0	0	0	0	0	0	0	0	0	0	0	0	0	0	0	0	0	0	0	0	0	0	0	0	60	0	0	0	0	0	0	0	0	0	11	136	0	0	0	0	0	25	0	0	0	0	0	0	0	0	0	0	0	0	0	0	0	14	19
30	assemblage-930-730	0	0	0	0	0	0	0	0	0	0	0	26	19	261	0	0	0	0	0	0	0	0	0	0	0	0	0	0	0	0	0	0	0	0	0	0	0	0	0	0	0	0	0	6	0	0	0	0	0	0	0	0	0	0	0	0	0	0	44	0	0	0	0	0	0	0	0	0	0	0	0	0	0	0	0	0	0	0	0	130	0	0	0	0	0	14

31	assemblage-129-651	0	0	0	0	0	0	0	0	0	0	0	0	0	0	0	0	0	0	3	0	0	0	0	0	72	0	0	0	0	13	0	0	0	0	0	0	0	0	0	0	60	268	0	0	0	0	0	0	0	0	52	0	0	0	0	0	0	0	0	0	0	0	0	0	0	0	0	0	0	0	0	0	0	11	0	0	0	0	0	0	0	0	0	0	0	21
31	assemblage-920-647	0	0	0	0	0	0	0	0	0	0	0	0	0	0	0	0	0	0	0	0	0	8	0	9	0	0	63	0	0	0	0	0	0	0	0	0	0	173	0	0	0	0	0	0	0	0	0	0	0	0	0	0	0	0	0	0	0	0	0	0	0	0	0	0	0	0	0	0	0	0	0	0	0	0	0	168	0	53	0	0	0	0	10	0	0	16
31	assemblage-930-730	0	0	0	0	0	0	0	0	0	0	0	26	19	261	0	0	0	0	0	0	0	0	0	0	0	0	0	0	0	0	0	0	0	0	0	0	0	0	0	0	0	0	0	6	0	0	0	0	0	0	0	0	0	0	0	0	0	0	44	0	0	0	0	0	0	0	0	0	0	0	0	0	0	0	0	0	0	0	0	130	0	0	0	0	0	14

32	assemblage-129-651	0	0	0	0	0	0	0	0	0	0	0	0	0	0	0	0	0	0	3	0	0	0	0	0	72	0	0	0	0	13	0	0	0	0	0	0	0	0	0	0	60	268	0	0	0	0	0	0	0	0	52	0	0	0	0	0	0	0	0	0	0	0	0	0	0	0	0	0	0	0	0	0	0	11	0	0	0	0	0	0	0	0	0	0	0	21
32	assemblage-863-488	0	0	0	0	0	0	0	0	0	0	0	0	0	307	0	0	15	0	0	0	0	0	0	0	0	0	0	0	0	0	0	0	0	0	0	0	0	0	0	0	0	0	0	0	0	0	105	0	0	0	0	0	0	0	0	0	0	0	28	0	0	0	0	0	0	8	0	0	0	0	0	0	0	0	0	0	0	0	0	17	0	0	0	0	0	20
32	assemblage-593-369	0	0	0	0	10	0	0	0	0	0	36	0	0	0	0	0	0	0	0	0	13	0	0	0	0	0	0	0	0	0	0	0	0	0	0	0	0	0	0	0	0	0	0	0	0	0	0	0	0	32	0	0	0	0	0	0	0	0	136	0	0	0	0	0	0	0	0	0	0	0	0	0	0	0	0	0	0	0	0	240	0	11	0	0	0	22

33	assemblage-129-651	0	0	0	0	0	0	0	0	0	0	0	0	0	0	0	0	0	0	3	0	0	0	0	0	72	0	0	0	0	13	0	0	0	0	0	0	0	0	0	0	60	268	0	0	0	0	0	0	0	0	52	0	0	0	0	0	0	0	0	0	0	0	0	0	0	0	0	0	0	0	0	0	0	11	0	0	0	0	0	0	0	0	0	0	0	21
33	assemblage-863-488	0	0	0	0	0	0	0	0	0	0	0	0	0	307	0	0	15	0	0	0	0	0	0	0	0	0	0	0	0	0	0	0	0	0	0	0	0	0	0	0	0	0	0	0	0	0	105	0	0	0	0	0	0	0	0	0	0	0	28	0	0	0	0	0	0	8	0	0	0	0	0	0	0	0	0	0	0	0	0	17	0	0	0	0	0	20
33	assemblage-930-730	0	0	0	0	0	0	0	0	0	0	0	26	19	261	0	0	0	0	0	0	0	0	0	0	0	0	0	0	0	0	0	0	0	0	0	0	0	0	0	0	0	0	0	6	0	0	0	0	0	0	0	0	0	0	0	0	0	0	44	0	0	0	0	0	0	0	0	0	0	0	0	0	0	0	0	0	0	0	0	130	0	0	0	0	0	14

34	assemblage-129-651	0	0	0	0	0	0	0	0	0	0	0	0	0	0	0	0	0	0	3	0	0	0	0	0	72	0	0	0	0	13	0	0	0	0	0	0	0	0	0	0	60	268	0	0	0	0	0	0	0	0	52	0	0	0	0	0	0	0	0	0	0	0	0	0	0	0	0	0	0	0	0	0	0	11	0	0	0	0	0	0	0	0	0	0	0	21
34	assemblage-863-488	0	0	0	0	0	0	0	0	0	0	0	0	0	307	0	0	15	0	0	0	0	0	0	0	0	0	0	0	0	0	0	0	0	0	0	0	0	0	0	0	0	0	0	0	0	0	105	0	0	0	0	0	0	0	0	0	0	0	28	0	0	0	0	0	0	8	0	0	0	0	0	0	0	0	0	0	0	0	0	17	0	0	0	0	0	20
34	assemblage-920-647	0	0	0	0	0	0	0	0	0	0	0	0	0	0	0	0	0	0	0	0	0	8	0	9	0	0	63	0	0	0	0	0	0	0	0	0	0	173	0	0	0	0	0	0	0	0	0	0	0	0	0	0	0	0	0	0	0	0	0	0	0	0	0	0	0	0	0	0	0	0	0	0	0	0	0	168	0	53	0	0	0	0	10	0	0	16

35	assemblage-708-159	0	0	0	0	0	0	0	0	0	0	0	0	0	0	0	0	0	0	53	0	0	52	0	0	0	0	0	0	0	0	0	0	0	0	0	0	4	0	0	0	0	0	0	0	0	0	0	0	0	0	35	253	0	0	0	0	0	0	0	0	0	0	0	0	0	0	0	0	0	0	0	0	2	0	0	74	0	0	0	0	0	0	0	0	0	27
35	assemblage-760-273	0	14	0	0	0	0	161	0	0	0	0	0	0	5	0	0	0	0	55	0	0	0	0	0	0	0	0	0	0	0	0	0	0	0	0	0	0	0	0	0	0	0	0	0	0	0	0	0	0	0	0	60	0	0	0	0	0	0	0	0	0	11	136	0	0	0	0	0	25	0	0	0	0	0	0	0	0	0	0	0	0	0	0	0	14	19
35	assemblage-816-430	0	0	0	16	0	34	44	0	0	0	0	0	0	0	0	0	0	0	43	0	0	0	0	0	0	0	0	0	0	0	0	0	0	4	0	99	0	0	0	0	0	0	0	0	0	0	0	0	0	52	0	0	0	0	0	0	0	0	191	0	0	0	0	0	0	0	0	0	0	0	0	0	0	0	0	0	0	0	0	0	0	0	0	0	0	17

36	assemblage-708-159	0	0	0	0	0	0	0	0	0	0	0	0	0	0	0	0	0	0	53	0	0	52	0	0	0	0	0	0	0	0	0	0	0	0	0	0	4	0	0	0	0	0	0	0	0	0	0	0	0	0	35	253	0	0	0	0	0	0	0	0	0	0	0	0	0	0	0	0	0	0	0	0	2	0	0	74	0	0	0	0	0	0	0	0	0	27
36	assemblage-760-273	0	14	0	0	0	0	161	0	0	0	0	0	0	5	0	0	0	0	55	0	0	0	0	0	0	0	0	0	0	0	0	0	0	0	0	0	0	0	0	0	0	0	0	0	0	0	0	0	0	0	0	60	0	0	0	0	0	0	0	0	0	11	136	0	0	0	0	0	25	0	0	0	0	0	0	0	0	0	0	0	0	0	0	0	14	19
36	assemblage-930-730	0	0	0	0	0	0	0	0	0	0	0	26	19	261	0	0	0	0	0	0	0	0	0	0	0	0	0	0	0	0	0	0	0	0	0	0	0	0	0	0	0	0	0	6	0	0	0	0	0	0	0	0	0	0	0	0	0	0	44	0	0	0	0	0	0	0	0	0	0	0	0	0	0	0	0	0	0	0	0	130	0	0	0	0	0	14

37	assemblage-708-159	0	0	0	0	0	0	0	0	0	0	0	0	0	0	0	0	0	0	53	0	0	52	0	0	0	0	0	0	0	0	0	0	0	0	0	0	4	0	0	0	0	0	0	0	0	0	0	0	0	0	35	253	0	0	0	0	0	0	0	0	0	0	0	0	0	0	0	0	0	0	0	0	2	0	0	74	0	0	0	0	0	0	0	0	0	27
37	assemblage-920-647	0	0	0	0	0	0	0	0	0	0	0	0	0	0	0	0	0	0	0	0	0	8	0	9	0	0	63	0	0	0	0	0	0	0	0	0	0	173	0	0	0	0	0	0	0	0	0	0	0	0	0	0	0	0	0	0	0	0	0	0	0	0	0	0	0	0	0	0	0	0	0	0	0	0	0	168	0	53	0	0	0	0	10	0	0	16
37	assemblage-930-730	0	0	0	0	0	0	0	0	0	0	0	26	19	261	0	0	0	0	0	0	0	0	0	0	0	0	0	0	0	0	0	0	0	0	0	0	0	0	0	0	0	0	0	6	0	0	0	0	0	0	0	0	0	0	0	0	0	0	44	0	0	0	0	0	0	0	0	0	0	0	0	0	0	0	0	0	0	0	0	130	0	0	0	0	0	14

38	assemblage-708-159	0	0	0	0	0	0	0	0	0	0	0	0	0	0	0	0	0	0	53	0	0	52	0	0	0	0	0	0	0	0	0	0	0	0	0	0	4	0	0	0	0	0	0	0	0	0	0	0	0	0	35	253	0	0	0	0	0	0	0	0	0	0	0	0	0	0	0	0	0	0	0	0	2	0	0	74	0	0	0	0	0	0	0	0	0	27
38	assemblage-863-488	0	0	0	0	0	0	0	0	0	0	0	0	0	307	0	0	15	0	0	0	0	0	0	0	0	0	0	0	0	0	0	0	0	0	0	0	0	0	0	0	0	0	0	0	0	0	105	0	0	0	0	0	0	0	0	0	0	0	28	0	0	0	0	0	0	8	0	0	0	0	0	0	0	0	0	0	0	0	0	17	0	0	0	0	0	20
38	assemblage-593-369	0	0	0	0	10	0	0	0	0	0	36	0	0	0	0	0	0	0	0	0	13	0	0	0	0	0	0	0	0	0	0	0	0	0	0	0	0	0	0	0	0	0	0	0	0	0	0	0	0	32	0	0	0	0	0	0	0	0	136	0	0	0	0	0	0	0	0	0	0	0	0	0	0	0	0	0	0	0	0	240	0	11	0	0	0	22

39	assemblage-708-159	0	0	0	0	0	0	0	0	0	0	0	0	0	0	0	0	0	0	53	0	0	52	0	0	0	0	0	0	0	0	0	0	0	0	0	0	4	0	0	0	0	0	0	0	0	0	0	0	0	0	35	253	0	0	0	0	0	0	0	0	0	0	0	0	0	0	0	0	0	0	0	0	2	0	0	74	0	0	0	0	0	0	0	0	0	27
39	assemblage-863-488	0	0	0	0	0	0	0	0	0	0	0	0	0	307	0	0	15	0	0	0	0	0	0	0	0	0	0	0	0	0	0	0	0	0	0	0	0	0	0	0	0	0	0	0	0	0	105	0	0	0	0	0	0	0	0	0	0	0	28	0	0	0	0	0	0	8	0	0	0	0	0	0	0	0	0	0	0	0	0	17	0	0	0	0	0	20
39	assemblage-930-730	0	0	0	0	0	0	0	0	0	0	0	26	19	261	0	0	0	0	0	0	0	0	0	0	0	0	0	0	0	0	0	0	0	0	0	0	0	0	0	0	0	0	0	6	0	0	0	0	0	0	0	0	0	0	0	0	0	0	44	0	0	0	0	0	0	0	0	0	0	0	0	0	0	0	0	0	0	0	0	130	0	0	0	0	0	14

40	assemblage-708-159	0	0	0	0	0	0	0	0	0	0	0	0	0	0	0	0	0	0	53	0	0	52	0	0	0	0	0	0	0	0	0	0	0	0	0	0	4	0	0	0	0	0	0	0	0	0	0	0	0	0	35	253	0	0	0	0	0	0	0	0	0	0	0	0	0	0	0	0	0	0	0	0	2	0	0	74	0	0	0	0	0	0	0	0	0	27
40	assemblage-129-651	0	0	0	0	0	0	0	0	0	0	0	0	0	0	0	0	0	0	3	0	0	0	0	0	72	0	0	0	0	13	0	0	0	0	0	0	0	0	0	0	60	268	0	0	0	0	0	0	0	0	52	0	0	0	0	0	0	0	0	0	0	0	0	0	0	0	0	0	0	0	0	0	0	11	0	0	0	0	0	0	0	0	0	0	0	21
40	assemblage-593-369	0	0	0	0	10	0	0	0	0	0	36	0	0	0	0	0	0	0	0	0	13	0	0	0	0	0	0	0	0	0	0	0	0	0	0	0	0	0	0	0	0	0	0	0	0	0	0	0	0	32	0	0	0	0	0	0	0	0	136	0	0	0	0	0	0	0	0	0	0	0	0	0	0	0	0	0	0	0	0	240	0	11	0	0	0	22

41	assemblage-708-159	0	0	0	0	0	0	0	0	0	0	0	0	0	0	0	0	0	0	53	0	0	52	0	0	0	0	0	0	0	0	0	0	0	0	0	0	4	0	0	0	0	0	0	0	0	0	0	0	0	0	35	253	0	0	0	0	0	0	0	0	0	0	0	0	0	0	0	0	0	0	0	0	2	0	0	74	0	0	0	0	0	0	0	0	0	27
41	assemblage-129-651	0	0	0	0	0	0	0	0	0	0	0	0	0	0	0	0	0	0	3	0	0	0	0	0	72	0	0	0	0	13	0	0	0	0	0	0	0	0	0	0	60	268	0	0	0	0	0	0	0	0	52	0	0	0	0	0	0	0	0	0	0	0	0	0	0	0	0	0	0	0	0	0	0	11	0	0	0	0	0	0	0	0	0	0	0	21
41	assemblage-930-730	0	0	0	0	0	0	0	0	0	0	0	26	19	261	0	0	0	0	0	0	0	0	0	0	0	0	0	0	0	0	0	0	0	0	0	0	0	0	0	0	0	0	0	6	0	0	0	0	0	0	0	0	0	0	0	0	0	0	44	0	0	0	0	0	0	0	0	0	0	0	0	0	0	0	0	0	0	0	0	130	0	0	0	0	0	14

42	assemblage-708-159	0	0	0	0	0	0	0	0	0	0	0	0	0	0	0	0	0	0	53	0	0	52	0	0	0	0	0	0	0	0	0	0	0	0	0	0	4	0	0	0	0	0	0	0	0	0	0	0	0	0	35	253	0	0	0	0	0	0	0	0	0	0	0	0	0	0	0	0	0	0	0	0	2	0	0	74	0	0	0	0	0	0	0	0	0	27
42	assemblage-129-651	0	0	0	0	0	0	0	0	0	0	0	0	0	0	0	0	0	0	3	0	0	0	0	0	72	0	0	0	0	13	0	0	0	0	0	0	0	0	0	0	60	268	0	0	0	0	0	0	0	0	52	0	0	0	0	0	0	0	0	0	0	0	0	0	0	0	0	0	0	0	0	0	0	11	0	0	0	0	0	0	0	0	0	0	0	21
42	assemblage-863-488	0	0	0	0	0	0	0	0	0	0	0	0	0	307	0	0	15	0	0	0	0	0	0	0	0	0	0	0	0	0	0	0	0	0	0	0	0	0	0	0	0	0	0	0	0	0	105	0	0	0	0	0	0	0	0	0	0	0	28	0	0	0	0	0	0	8	0	0	0	0	0	0	0	0	0	0	0	0	0	17	0	0	0	0	0	20

43	assemblage-708-159	0	0	0	0	0	0	0	0	0	0	0	0	0	0	0	0	0	0	53	0	0	52	0	0	0	0	0	0	0	0	0	0	0	0	0	0	4	0	0	0	0	0	0	0	0	0	0	0	0	0	35	253	0	0	0	0	0	0	0	0	0	0	0	0	0	0	0	0	0	0	0	0	2	0	0	74	0	0	0	0	0	0	0	0	0	27
43	assemblage-129-651	0	0	0	0	0	0	0	0	0	0	0	0	0	0	0	0	0	0	3	0	0	0	0	0	72	0	0	0	0	13	0	0	0	0	0	0	0	0	0	0	60	268	0	0	0	0	0	0	0	0	52	0	0	0	0	0	0	0	0	0	0	0	0	0	0	0	0	0	0	0	0	0	0	11	0	0	0	0	0	0	0	0	0	0	0	21
43	assemblage-403-242	0	0	0	0	0	0	0	0	0	0	0	0	0	436	0	0	0	0	0	0	0	0	0	0	0	0	0	0	0	0	0	0	0	0	0	0	0	0	0	0	0	0	0	0	0	0	8	0	0	0	0	0	0	0	0	0	0	0	7	0	0	0	0	0	1	0	0	0	0	0	0	0	0	0	0	0	0	0	0	38	0	0	0	0	0	10

44	assemblage-266-233	0	0	0	0	4	0	0	0	0	0	0	0	0	366	0	0	0	0	0	0	0	0	0	0	0	0	0	0	7	0	0	0	0	0	0	0	0	0	0	0	0	0	0	0	46	0	0	0	0	4	0	0	0	0	5	0	0	0	42	0	0	0	0	0	0	0	0	0	0	0	0	0	0	0	0	0	0	0	0	0	0	0	0	0	0	26
44	assemblage-593-369	0	0	0	0	10	0	0	0	0	0	36	0	0	0	0	0	0	0	0	0	13	0	0	0	0	0	0	0	0	0	0	0	0	0	0	0	0	0	0	0	0	0	0	0	0	0	0	0	0	32	0	0	0	0	0	0	0	0	136	0	0	0	0	0	0	0	0	0	0	0	0	0	0	0	0	0	0	0	0	240	0	11	0	0	0	22
44	assemblage-254-702	0	0	0	0	0	0	0	0	10	0	0	0	0	0	0	0	0	0	408	0	0	24	0	0	0	11	0	0	0	0	0	0	0	0	0	0	0	0	0	0	0	23	0	0	0	0	0	0	0	0	0	0	0	0	0	0	0	0	0	0	0	0	0	0	0	0	0	2	0	0	0	0	0	0	0	7	0	0	0	0	0	0	0	0	0	15

45	assemblage-266-233	0	0	0	0	4	0	0	0	0	0	0	0	0	366	0	0	0	0	0	0	0	0	0	0	0	0	0	0	7	0	0	0	0	0	0	0	0	0	0	0	0	0	0	0	46	0	0	0	0	4	0	0	0	0	5	0	0	0	42	0	0	0	0	0	0	0	0	0	0	0	0	0	0	0	0	0	0	0	0	0	0	0	0	0	0	26
45	assemblage-816-430	0	0	0	16	0	34	44	0	0	0	0	0	0	0	0	0	0	0	43	0	0	0	0	0	0	0	0	0	0	0	0	0	0	4	0	99	0	0	0	0	0	0	0	0	0	0	0	0	0	52	0	0	0	0	0	0	0	0	191	0	0	0	0	0	0	0	0	0	0	0	0	0	0	0	0	0	0	0	0	0	0	0	0	0	0	17
45	assemblage-254-702	0	0	0	0	0	0	0	0	10	0	0	0	0	0	0	0	0	0	408	0	0	24	0	0	0	11	0	0	0	0	0	0	0	0	0	0	0	0	0	0	0	23	0	0	0	0	0	0	0	0	0	0	0	0	0	0	0	0	0	0	0	0	0	0	0	0	0	2	0	0	0	0	0	0	0	7	0	0	0	0	0	0	0	0	0	15

46	assemblage-266-233	0	0	0	0	4	0	0	0	0	0	0	0	0	366	0	0	0	0	0	0	0	0	0	0	0	0	0	0	7	0	0	0	0	0	0	0	0	0	0	0	0	0	0	0	46	0	0	0	0	4	0	0	0	0	5	0	0	0	42	0	0	0	0	0	0	0	0	0	0	0	0	0	0	0	0	0	0	0	0	0	0	0	0	0	0	26
46	assemblage-930-730	0	0	0	0	0	0	0	0	0	0	0	26	19	261	0	0	0	0	0	0	0	0	0	0	0	0	0	0	0	0	0	0	0	0	0	0	0	0	0	0	0	0	0	6	0	0	0	0	0	0	0	0	0	0	0	0	0	0	44	0	0	0	0	0	0	0	0	0	0	0	0	0	0	0	0	0	0	0	0	130	0	0	0	0	0	14
46	assemblage-254-702	0	0	0	0	0	0	0	0	10	0	0	0	0	0	0	0	0	0	408	0	0	24	0	0	0	11	0	0	0	0	0	0	0	0	0	0	0	0	0	0	0	23	0	0	0	0	0	0	0	0	0	0	0	0	0	0	0	0	0	0	0	0	0	0	0	0	0	2	0	0	0	0	0	0	0	7	0	0	0	0	0	0	0	0	0	15

47	assemblage-266-233	0	0	0	0	4	0	0	0	0	0	0	0	0	366	0	0	0	0	0	0	0	0	0	0	0	0	0	0	7	0	0	0	0	0	0	0	0	0	0	0	0	0	0	0	46	0	0	0	0	4	0	0	0	0	5	0	0	0	42	0	0	0	0	0	0	0	0	0	0	0	0	0	0	0	0	0	0	0	0	0	0	0	0	0	0	26
47	assemblage-760-273	0	14	0	0	0	0	161	0	0	0	0	0	0	5	0	0	0	0	55	0	0	0	0	0	0	0	0	0	0	0	0	0	0	0	0	0	0	0	0	0	0	0	0	0	0	0	0	0	0	0	0	60	0	0	0	0	0	0	0	0	0	11	136	0	0	0	0	0	25	0	0	0	0	0	0	0	0	0	0	0	0	0	0	0	14	19
47	assemblage-254-702	0	0	0	0	0	0	0	0	10	0	0	0	0	0	0	0	0	0	408	0	0	24	0	0	0	11	0	0	0	0	0	0	0	0	0	0	0	0	0	0	0	23	0	0	0	0	0	0	0	0	0	0	0	0	0	0	0	0	0	0	0	0	0	0	0	0	0	2	0	0	0	0	0	0	0	7	0	0	0	0	0	0	0	0	0	15

48	assemblage-266-233	0	0	0	0	4	0	0	0	0	0	0	0	0	366	0	0	0	0	0	0	0	0	0	0	0	0	0	0	7	0	0	0	0	0	0	0	0	0	0	0	0	0	0	0	46	0	0	0	0	4	0	0	0	0	5	0	0	0	42	0	0	0	0	0	0	0	0	0	0	0	0	0	0	0	0	0	0	0	0	0	0	0	0	0	0	26
48	assemblage-920-647	0	0	0	0	0	0	0	0	0	0	0	0	0	0	0	0	0	0	0	0	0	8	0	9	0	0	63	0	0	0	0	0	0	0	0	0	0	173	0	0	0	0	0	0	0	0	0	0	0	0	0	0	0	0	0	0	0	0	0	0	0	0	0	0	0	0	0	0	0	0	0	0	0	0	0	168	0	53	0	0	0	0	10	0	0	16
48	assemblage-254-702	0	0	0	0	0	0	0	0	10	0	0	0	0	0	0	0	0	0	408	0	0	24	0	0	0	11	0	0	0	0	0	0	0	0	0	0	0	0	0	0	0	23	0	0	0	0	0	0	0	0	0	0	0	0	0	0	0	0	0	0	0	0	0	0	0	0	0	2	0	0	0	0	0	0	0	7	0	0	0	0	0	0	0	0	0	15

49	assemblage-266-233	0	0	0	0	4	0	0	0	0	0	0	0	0	366	0	0	0	0	0	0	0	0	0	0	0	0	0	0	7	0	0	0	0	0	0	0	0	0	0	0	0	0	0	0	46	0	0	0	0	4	0	0	0	0	5	0	0	0	42	0	0	0	0	0	0	0	0	0	0	0	0	0	0	0	0	0	0	0	0	0	0	0	0	0	0	26
49	assemblage-863-488	0	0	0	0	0	0	0	0	0	0	0	0	0	307	0	0	15	0	0	0	0	0	0	0	0	0	0	0	0	0	0	0	0	0	0	0	0	0	0	0	0	0	0	0	0	0	105	0	0	0	0	0	0	0	0	0	0	0	28	0	0	0	0	0	0	8	0	0	0	0	0	0	0	0	0	0	0	0	0	17	0	0	0	0	0	20
49	assemblage-254-702	0	0	0	0	0	0	0	0	10	0	0	0	0	0	0	0	0	0	408	0	0	24	0	0	0	11	0	0	0	0	0	0	0	0	0	0	0	0	0	0	0	23	0	0	0	0	0	0	0	0	0	0	0	0	0	0	0	0	0	0	0	0	0	0	0	0	0	2	0	0	0	0	0	0	0	7	0	0	0	0	0	0	0	0	0	15

50	assemblage-266-233	0	0	0	0	4	0	0	0	0	0	0	0	0	366	0	0	0	0	0	0	0	0	0	0	0	0	0	0	7	0	0	0	0	0	0	0	0	0	0	0	0	0	0	0	46	0	0	0	0	4	0	0	0	0	5	0	0	0	42	0	0	0	0	0	0	0	0	0	0	0	0	0	0	0	0	0	0	0	0	0	0	0	0	0	0	26
50	assemblage-863-488	0	0	0	0	0	0	0	0	0	0	0	0	0	307	0	0	15	0	0	0	0	0	0	0	0	0	0	0	0	0	0	0	0	0	0	0	0	0	0	0	0	0	0	0	0	0	105	0	0	0	0	0	0	0	0	0	0	0	28	0	0	0	0	0	0	8	0	0	0	0	0	0	0	0	0	0	0	0	0	17	0	0	0	0	0	20
50	assemblage-760-273	0	14	0	0	0	0	161	0	0	0	0	0	0	5	0	0	0	0	55	0	0	0	0	0	0	0	0	0	0	0	0	0	0	0	0	0	0	0	0	0	0	0	0	0	0	0	0	0	0	0	0	60	0	0	0	0	0	0	0	0	0	11	136	0	0	0	0	0	25	0	0	0	0	0	0	0	0	0	0	0	0	0	0	0	14	19

51	assemblage-266-233	0	0	0	0	4	0	0	0	0	0	0	0	0	366	0	0	0	0	0	0	0	0	0	0	0	0	0	0	7	0	0	0	0	0	0	0	0	0	0	0	0	0	0	0	46	0	0	0	0	4	0	0	0	0	5	0	0	0	42	0	0	0	0	0	0	0	0	0	0	0	0	0	0	0	0	0	0	0	0	0	0	0	0	0	0	26
51	assemblage-863-488	0	0	0	0	0	0	0	0	0	0	0	0	0	307	0	0	15	0	0	0	0	0	0	0	0	0	0	0	0	0	0	0	0	0	0	0	0	0	0	0	0	0	0	0	0	0	105	0	0	0	0	0	0	0	0	0	0	0	28	0	0	0	0	0	0	8	0	0	0	0	0	0	0	0	0	0	0	0	0	17	0	0	0	0	0	20
51	assemblage-920-647	0	0	0	0	0	0	0	0	0	0	0	0	0	0	0	0	0	0	0	0	0	8	0	9	0	0	63	0	0	0	0	0	0	0	0	0	0	173	0	0	0	0	0	0	0	0	0	0	0	0	0	0	0	0	0	0	0	0	0	0	0	0	0	0	0	0	0	0	0	0	0	0	0	0	0	168	0	53	0	0	0	0	10	0	0	16

52	assemblage-266-233	0	0	0	0	4	0	0	0	0	0	0	0	0	366	0	0	0	0	0	0	0	0	0	0	0	0	0	0	7	0	0	0	0	0	0	0	0	0	0	0	0	0	0	0	46	0	0	0	0	4	0	0	0	0	5	0	0	0	42	0	0	0	0	0	0	0	0	0	0	0	0	0	0	0	0	0	0	0	0	0	0	0	0	0	0	26
52	assemblage-403-242	0	0	0	0	0	0	0	0	0	0	0	0	0	436	0	0	0	0	0	0	0	0	0	0	0	0	0	0	0	0	0	0	0	0	0	0	0	0	0	0	0	0	0	0	0	0	8	0	0	0	0	0	0	0	0	0	0	0	7	0	0	0	0	0	1	0	0	0	0	0	0	0	0	0	0	0	0	0	0	38	0	0	0	0	0	10
52	assemblage-423-796	22	0	0	0	0	0	0	0	0	0	0	0	0	0	0	0	0	0	201	229	0	0	35	0	0	0	0	0	0	0	0	0	0	0	0	0	0	0	0	0	0	0	4	0	0	0	0	0	0	0	0	0	0	0	0	0	0	0	0	0	0	0	0	0	0	0	0	0	0	0	0	0	0	0	0	0	0	0	0	0	0	0	0	0	0	9

53	assemblage-266-233	0	0	0	0	4	0	0	0	0	0	0	0	0	366	0	0	0	0	0	0	0	0	0	0	0	0	0	0	7	0	0	0	0	0	0	0	0	0	0	0	0	0	0	0	46	0	0	0	0	4	0	0	0	0	5	0	0	0	42	0	0	0	0	0	0	0	0	0	0	0	0	0	0	0	0	0	0	0	0	0	0	0	0	0	0	26
53	assemblage-129-651	0	0	0	0	0	0	0	0	0	0	0	0	0	0	0	0	0	0	3	0	0	0	0	0	72	0	0	0	0	13	0	0	0	0	0	0	0	0	0	0	60	268	0	0	0	0	0	0	0	0	52	0	0	0	0	0	0	0	0	0	0	0	0	0	0	0	0	0	0	0	0	0	0	11	0	0	0	0	0	0	0	0	0	0	0	21
53	assemblage-254-702	0	0	0	0	0	0	0	0	10	0	0	0	0	0	0	0	0	0	408	0	0	24	0	0	0	11	0	0	0	0	0	0	0	0	0	0	0	0	0	0	0	23	0	0	0	0	0	0	0	0	0	0	0	0	0	0	0	0	0	0	0	0	0	0	0	0	0	2	0	0	0	0	0	0	0	7	0	0	0	0	0	0	0	0	0	15

54	assemblage-266-233	0	0	0	0	4	0	0	0	0	0	0	0	0	366	0	0	0	0	0	0	0	0	0	0	0	0	0	0	7	0	0	0	0	0	0	0	0	0	0	0	0	0	0	0	46	0	0	0	0	4	0	0	0	0	5	0	0	0	42	0	0	0	0	0	0	0	0	0	0	0	0	0	0	0	0	0	0	0	0	0	0	0	0	0	0	26
54	assemblage-129-651	0	0	0	0	0	0	0	0	0	0	0	0	0	0	0	0	0	0	3	0	0	0	0	0	72	0	0	0	0	13	0	0	0	0	0	0	0	0	0	0	60	268	0	0	0	0	0	0	0	0	52	0	0	0	0	0	0	0	0	0	0	0	0	0	0	0	0	0	0	0	0	0	0	11	0	0	0	0	0	0	0	0	0	0	0	21
54	assemblage-920-647	0	0	0	0	0	0	0	0	0	0	0	0	0	0	0	0	0	0	0	0	0	8	0	9	0	0	63	0	0	0	0	0	0	0	0	0	0	173	0	0	0	0	0	0	0	0	0	0	0	0	0	0	0	0	0	0	0	0	0	0	0	0	0	0	0	0	0	0	0	0	0	0	0	0	0	168	0	53	0	0	0	0	10	0	0	16

55	assemblage-266-233	0	0	0	0	4	0	0	0	0	0	0	0	0	366	0	0	0	0	0	0	0	0	0	0	0	0	0	0	7	0	0	0	0	0	0	0	0	0	0	0	0	0	0	0	46	0	0	0	0	4	0	0	0	0	5	0	0	0	42	0	0	0	0	0	0	0	0	0	0	0	0	0	0	0	0	0	0	0	0	0	0	0	0	0	0	26
55	assemblage-129-651	0	0	0	0	0	0	0	0	0	0	0	0	0	0	0	0	0	0	3	0	0	0	0	0	72	0	0	0	0	13	0	0	0	0	0	0	0	0	0	0	60	268	0	0	0	0	0	0	0	0	52	0	0	0	0	0	0	0	0	0	0	0	0	0	0	0	0	0	0	0	0	0	0	11	0	0	0	0	0	0	0	0	0	0	0	21
55	assemblage-423-796	22	0	0	0	0	0	0	0	0	0	0	0	0	0	0	0	0	0	201	229	0	0	35	0	0	0	0	0	0	0	0	0	0	0	0	0	0	0	0	0	0	0	4	0	0	0	0	0	0	0	0	0	0	0	0	0	0	0	0	0	0	0	0	0	0	0	0	0	0	0	0	0	0	0	0	0	0	0	0	0	0	0	0	0	0	9

56	assemblage-266-233	0	0	0	0	4	0	0	0	0	0	0	0	0	366	0	0	0	0	0	0	0	0	0	0	0	0	0	0	7	0	0	0	0	0	0	0	0	0	0	0	0	0	0	0	46	0	0	0	0	4	0	0	0	0	5	0	0	0	42	0	0	0	0	0	0	0	0	0	0	0	0	0	0	0	0	0	0	0	0	0	0	0	0	0	0	26
56	assemblage-708-159	0	0	0	0	0	0	0	0	0	0	0	0	0	0	0	0	0	0	53	0	0	52	0	0	0	0	0	0	0	0	0	0	0	0	0	0	4	0	0	0	0	0	0	0	0	0	0	0	0	0	35	253	0	0	0	0	0	0	0	0	0	0	0	0	0	0	0	0	0	0	0	0	2	0	0	74	0	0	0	0	0	0	0	0	0	27
56	assemblage-254-702	0	0	0	0	0	0	0	0	10	0	0	0	0	0	0	0	0	0	408	0	0	24	0	0	0	11	0	0	0	0	0	0	0	0	0	0	0	0	0	0	0	23	0	0	0	0	0	0	0	0	0	0	0	0	0	0	0	0	0	0	0	0	0	0	0	0	0	2	0	0	0	0	0	0	0	7	0	0	0	0	0	0	0	0	0	15

57	assemblage-266-233	0	0	0	0	4	0	0	0	0	0	0	0	0	366	0	0	0	0	0	0	0	0	0	0	0	0	0	0	7	0	0	0	0	0	0	0	0	0	0	0	0	0	0	0	46	0	0	0	0	4	0	0	0	0	5	0	0	0	42	0	0	0	0	0	0	0	0	0	0	0	0	0	0	0	0	0	0	0	0	0	0	0	0	0	0	26
57	assemblage-708-159	0	0	0	0	0	0	0	0	0	0	0	0	0	0	0	0	0	0	53	0	0	52	0	0	0	0	0	0	0	0	0	0	0	0	0	0	4	0	0	0	0	0	0	0	0	0	0	0	0	0	35	253	0	0	0	0	0	0	0	0	0	0	0	0	0	0	0	0	0	0	0	0	2	0	0	74	0	0	0	0	0	0	0	0	0	27
57	assemblage-920-647	0	0	0	0	0	0	0	0	0	0	0	0	0	0	0	0	0	0	0	0	0	8	0	9	0	0	63	0	0	0	0	0	0	0	0	0	0	173	0	0	0	0	0	0	0	0	0	0	0	0	0	0	0	0	0	0	0	0	0	0	0	0	0	0	0	0	0	0	0	0	0	0	0	0	0	168	0	53	0	0	0	0	10	0	0	16

58	assemblage-266-233	0	0	0	0	4	0	0	0	0	0	0	0	0	366	0	0	0	0	0	0	0	0	0	0	0	0	0	0	7	0	0	0	0	0	0	0	0	0	0	0	0	0	0	0	46	0	0	0	0	4	0	0	0	0	5	0	0	0	42	0	0	0	0	0	0	0	0	0	0	0	0	0	0	0	0	0	0	0	0	0	0	0	0	0	0	26
58	assemblage-708-159	0	0	0	0	0	0	0	0	0	0	0	0	0	0	0	0	0	0	53	0	0	52	0	0	0	0	0	0	0	0	0	0	0	0	0	0	4	0	0	0	0	0	0	0	0	0	0	0	0	0	35	253	0	0	0	0	0	0	0	0	0	0	0	0	0	0	0	0	0	0	0	0	2	0	0	74	0	0	0	0	0	0	0	0	0	27
58	assemblage-423-796	22	0	0	0	0	0	0	0	0	0	0	0	0	0	0	0	0	0	201	229	0	0	35	0	0	0	0	0	0	0	0	0	0	0	0	0	0	0	0	0	0	0	4	0	0	0	0	0	0	0	0	0	0	0	0	0	0	0	0	0	0	0	0	0	0	0	0	0	0	0	0	0	0	0	0	0	0	0	0	0	0	0	0	0	0	9

59	assemblage-266-233	0	0	0	0	4	0	0	0	0	0	0	0	0	366	0	0	0	0	0	0	0	0	0	0	0	0	0	0	7	0	0	0	0	0	0	0	0	0	0	0	0	0	0	0	46	0	0	0	0	4	0	0	0	0	5	0	0	0	42	0	0	0	0	0	0	0	0	0	0	0	0	0	0	0	0	0	0	0	0	0	0	0	0	0	0	26
59	assemblage-708-159	0	0	0	0	0	0	0	0	0	0	0	0	0	0	0	0	0	0	53	0	0	52	0	0	0	0	0	0	0	0	0	0	0	0	0	0	4	0	0	0	0	0	0	0	0	0	0	0	0	0	35	253	0	0	0	0	0	0	0	0	0	0	0	0	0	0	0	0	0	0	0	0	2	0	0	74	0	0	0	0	0	0	0	0	0	27
59	assemblage-129-651	0	0	0	0	0	0	0	0	0	0	0	0	0	0	0	0	0	0	3	0	0	0	0	0	72	0	0	0	0	13	0	0	0	0	0	0	0	0	0	0	60	268	0	0	0	0	0	0	0	0	52	0	0	0	0	0	0	0	0	0	0	0	0	0	0	0	0	0	0	0	0	0	0	11	0	0	0	0	0	0	0	0	0	0	0	21

60	assemblage-639-223	0	0	0	0	0	0	203	0	0	0	0	0	0	0	0	0	0	10	232	0	0	0	0	0	0	0	0	0	0	0	0	5	0	0	0	0	0	0	0	0	0	0	0	0	0	0	0	0	0	0	0	0	0	0	0	0	0	0	0	0	0	3	19	0	0	0	9	0	0	0	0	0	0	0	0	0	0	0	0	0	0	0	0	0	0	19
60	assemblage-760-273	0	14	0	0	0	0	161	0	0	0	0	0	0	5	0	0	0	0	55	0	0	0	0	0	0	0	0	0	0	0	0	0	0	0	0	0	0	0	0	0	0	0	0	0	0	0	0	0	0	0	0	60	0	0	0	0	0	0	0	0	0	11	136	0	0	0	0	0	25	0	0	0	0	0	0	0	0	0	0	0	0	0	0	0	14	19
60	assemblage-593-369	0	0	0	0	10	0	0	0	0	0	36	0	0	0	0	0	0	0	0	0	13	0	0	0	0	0	0	0	0	0	0	0	0	0	0	0	0	0	0	0	0	0	0	0	0	0	0	0	0	32	0	0	0	0	0	0	0	0	136	0	0	0	0	0	0	0	0	0	0	0	0	0	0	0	0	0	0	0	0	240	0	11	0	0	0	22

61	assemblage-639-223	0	0	0	0	0	0	203	0	0	0	0	0	0	0	0	0	0	10	232	0	0	0	0	0	0	0	0	0	0	0	0	5	0	0	0	0	0	0	0	0	0	0	0	0	0	0	0	0	0	0	0	0	0	0	0	0	0	0	0	0	0	3	19	0	0	0	9	0	0	0	0	0	0	0	0	0	0	0	0	0	0	0	0	0	0	19
61	assemblage-760-273	0	14	0	0	0	0	161	0	0	0	0	0	0	5	0	0	0	0	55	0	0	0	0	0	0	0	0	0	0	0	0	0	0	0	0	0	0	0	0	0	0	0	0	0	0	0	0	0	0	0	0	60	0	0	0	0	0	0	0	0	0	11	136	0	0	0	0	0	25	0	0	0	0	0	0	0	0	0	0	0	0	0	0	0	14	19
61	assemblage-816-430	0	0	0	16	0	34	44	0	0	0	0	0	0	0	0	0	0	0	43	0	0	0	0	0	0	0	0	0	0	0	0	0	0	4	0	99	0	0	0	0	0	0	0	0	0	0	0	0	0	52	0	0	0	0	0	0	0	0	191	0	0	0	0	0	0	0	0	0	0	0	0	0	0	0	0	0	0	0	0	0	0	0	0	0	0	17

62	assemblage-639-223	0	0	0	0	0	0	203	0	0	0	0	0	0	0	0	0	0	10	232	0	0	0	0	0	0	0	0	0	0	0	0	5	0	0	0	0	0	0	0	0	0	0	0	0	0	0	0	0	0	0	0	0	0	0	0	0	0	0	0	0	0	3	19	0	0	0	9	0	0	0	0	0	0	0	0	0	0	0	0	0	0	0	0	0	0	19
62	assemblage-760-273	0	14	0	0	0	0	161	0	0	0	0	0	0	5	0	0	0	0	55	0	0	0	0	0	0	0	0	0	0	0	0	0	0	0	0	0	0	0	0	0	0	0	0	0	0	0	0	0	0	0	0	60	0	0	0	0	0	0	0	0	0	11	136	0	0	0	0	0	25	0	0	0	0	0	0	0	0	0	0	0	0	0	0	0	14	19
62	assemblage-930-730	0	0	0	0	0	0	0	0	0	0	0	26	19	261	0	0	0	0	0	0	0	0	0	0	0	0	0	0	0	0	0	0	0	0	0	0	0	0	0	0	0	0	0	6	0	0	0	0	0	0	0	0	0	0	0	0	0	0	44	0	0	0	0	0	0	0	0	0	0	0	0	0	0	0	0	0	0	0	0	130	0	0	0	0	0	14

63	assemblage-639-223	0	0	0	0	0	0	203	0	0	0	0	0	0	0	0	0	0	10	232	0	0	0	0	0	0	0	0	0	0	0	0	5	0	0	0	0	0	0	0	0	0	0	0	0	0	0	0	0	0	0	0	0	0	0	0	0	0	0	0	0	0	3	19	0	0	0	9	0	0	0	0	0	0	0	0	0	0	0	0	0	0	0	0	0	0	19
63	assemblage-920-647	0	0	0	0	0	0	0	0	0	0	0	0	0	0	0	0	0	0	0	0	0	8	0	9	0	0	63	0	0	0	0	0	0	0	0	0	0	173	0	0	0	0	0	0	0	0	0	0	0	0	0	0	0	0	0	0	0	0	0	0	0	0	0	0	0	0	0	0	0	0	0	0	0	0	0	168	0	53	0	0	0	0	10	0	0	16
63	assemblage-930-730	0	0	0	0	0	0	0	0	0	0	0	26	19	261	0	0	0	0	0	0	0	0	0	0	0	0	0	0	0	0	0	0	0	0	0	0	0	0	0	0	0	0	0	6	0	0	0	0	0	0	0	0	0	0	0	0	0	0	44	0	0	0	0	0	0	0	0	0	0	0	0	0	0	0	0	0	0	0	0	130	0	0	0	0	0	14

64	assemblage-639-223	0	0	0	0	0	0	203	0	0	0	0	0	0	0	0	0	0	10	232	0	0	0	0	0	0	0	0	0	0	0	0	5	0	0	0	0	0	0	0	0	0	0	0	0	0	0	0	0	0	0	0	0	0	0	0	0	0	0	0	0	0	3	19	0	0	0	9	0	0	0	0	0	0	0	0	0	0	0	0	0	0	0	0	0	0	19
64	assemblage-863-488	0	0	0	0	0	0	0	0	0	0	0	0	0	307	0	0	15	0	0	0	0	0	0	0	0	0	0	0	0	0	0	0	0	0	0	0	0	0	0	0	0	0	0	0	0	0	105	0	0	0	0	0	0	0	0	0	0	0	28	0	0	0	0	0	0	8	0	0	0	0	0	0	0	0	0	0	0	0	0	17	0	0	0	0	0	20
64	assemblage-593-369	0	0	0	0	10	0	0	0	0	0	36	0	0	0	0	0	0	0	0	0	13	0	0	0	0	0	0	0	0	0	0	0	0	0	0	0	0	0	0	0	0	0	0	0	0	0	0	0	0	32	0	0	0	0	0	0	0	0	136	0	0	0	0	0	0	0	0	0	0	0	0	0	0	0	0	0	0	0	0	240	0	11	0	0	0	22

65	assemblage-639-223	0	0	0	0	0	0	203	0	0	0	0	0	0	0	0	0	0	10	232	0	0	0	0	0	0	0	0	0	0	0	0	5	0	0	0	0	0	0	0	0	0	0	0	0	0	0	0	0	0	0	0	0	0	0	0	0	0	0	0	0	0	3	19	0	0	0	9	0	0	0	0	0	0	0	0	0	0	0	0	0	0	0	0	0	0	19
65	assemblage-863-488	0	0	0	0	0	0	0	0	0	0	0	0	0	307	0	0	15	0	0	0	0	0	0	0	0	0	0	0	0	0	0	0	0	0	0	0	0	0	0	0	0	0	0	0	0	0	105	0	0	0	0	0	0	0	0	0	0	0	28	0	0	0	0	0	0	8	0	0	0	0	0	0	0	0	0	0	0	0	0	17	0	0	0	0	0	20
65	assemblage-930-730	0	0	0	0	0	0	0	0	0	0	0	26	19	261	0	0	0	0	0	0	0	0	0	0	0	0	0	0	0	0	0	0	0	0	0	0	0	0	0	0	0	0	0	6	0	0	0	0	0	0	0	0	0	0	0	0	0	0	44	0	0	0	0	0	0	0	0	0	0	0	0	0	0	0	0	0	0	0	0	130	0	0	0	0	0	14

66	assemblage-639-223	0	0	0	0	0	0	203	0	0	0	0	0	0	0	0	0	0	10	232	0	0	0	0	0	0	0	0	0	0	0	0	5	0	0	0	0	0	0	0	0	0	0	0	0	0	0	0	0	0	0	0	0	0	0	0	0	0	0	0	0	0	3	19	0	0	0	9	0	0	0	0	0	0	0	0	0	0	0	0	0	0	0	0	0	0	19
66	assemblage-863-488	0	0	0	0	0	0	0	0	0	0	0	0	0	307	0	0	15	0	0	0	0	0	0	0	0	0	0	0	0	0	0	0	0	0	0	0	0	0	0	0	0	0	0	0	0	0	105	0	0	0	0	0	0	0	0	0	0	0	28	0	0	0	0	0	0	8	0	0	0	0	0	0	0	0	0	0	0	0	0	17	0	0	0	0	0	20
66	assemblage-920-647	0	0	0	0	0	0	0	0	0	0	0	0	0	0	0	0	0	0	0	0	0	8	0	9	0	0	63	0	0	0	0	0	0	0	0	0	0	173	0	0	0	0	0	0	0	0	0	0	0	0	0	0	0	0	0	0	0	0	0	0	0	0	0	0	0	0	0	0	0	0	0	0	0	0	0	168	0	53	0	0	0	0	10	0	0	16

67	assemblage-639-223	0	0	0	0	0	0	203	0	0	0	0	0	0	0	0	0	0	10	232	0	0	0	0	0	0	0	0	0	0	0	0	5	0	0	0	0	0	0	0	0	0	0	0	0	0	0	0	0	0	0	0	0	0	0	0	0	0	0	0	0	0	3	19	0	0	0	9	0	0	0	0	0	0	0	0	0	0	0	0	0	0	0	0	0	0	19
67	assemblage-129-651	0	0	0	0	0	0	0	0	0	0	0	0	0	0	0	0	0	0	3	0	0	0	0	0	72	0	0	0	0	13	0	0	0	0	0	0	0	0	0	0	60	268	0	0	0	0	0	0	0	0	52	0	0	0	0	0	0	0	0	0	0	0	0	0	0	0	0	0	0	0	0	0	0	11	0	0	0	0	0	0	0	0	0	0	0	21
67	assemblage-593-369	0	0	0	0	10	0	0	0	0	0	36	0	0	0	0	0	0	0	0	0	13	0	0	0	0	0	0	0	0	0	0	0	0	0	0	0	0	0	0	0	0	0	0	0	0	0	0	0	0	32	0	0	0	0	0	0	0	0	136	0	0	0	0	0	0	0	0	0	0	0	0	0	0	0	0	0	0	0	0	240	0	11	0	0	0	22

68	assemblage-639-223	0	0	0	0	0	0	203	0	0	0	0	0	0	0	0	0	0	10	232	0	0	0	0	0	0	0	0	0	0	0	0	5	0	0	0	0	0	0	0	0	0	0	0	0	0	0	0	0	0	0	0	0	0	0	0	0	0	0	0	0	0	3	19	0	0	0	9	0	0	0	0	0	0	0	0	0	0	0	0	0	0	0	0	0	0	19
68	assemblage-129-651	0	0	0	0	0	0	0	0	0	0	0	0	0	0	0	0	0	0	3	0	0	0	0	0	72	0	0	0	0	13	0	0	0	0	0	0	0	0	0	0	60	268	0	0	0	0	0	0	0	0	52	0	0	0	0	0	0	0	0	0	0	0	0	0	0	0	0	0	0	0	0	0	0	11	0	0	0	0	0	0	0	0	0	0	0	21
68	assemblage-930-730	0	0	0	0	0	0	0	0	0	0	0	26	19	261	0	0	0	0	0	0	0	0	0	0	0	0	0	0	0	0	0	0	0	0	0	0	0	0	0	0	0	0	0	6	0	0	0	0	0	0	0	0	0	0	0	0	0	0	44	0	0	0	0	0	0	0	0	0	0	0	0	0	0	0	0	0	0	0	0	130	0	0	0	0	0	14

69	assemblage-639-223	0	0	0	0	0	0	203	0	0	0	0	0	0	0	0	0	0	10	232	0	0	0	0	0	0	0	0	0	0	0	0	5	0	0	0	0	0	0	0	0	0	0	0	0	0	0	0	0	0	0	0	0	0	0	0	0	0	0	0	0	0	3	19	0	0	0	9	0	0	0	0	0	0	0	0	0	0	0	0	0	0	0	0	0	0	19
69	assemblage-129-651	0	0	0	0	0	0	0	0	0	0	0	0	0	0	0	0	0	0	3	0	0	0	0	0	72	0	0	0	0	13	0	0	0	0	0	0	0	0	0	0	60	268	0	0	0	0	0	0	0	0	52	0	0	0	0	0	0	0	0	0	0	0	0	0	0	0	0	0	0	0	0	0	0	11	0	0	0	0	0	0	0	0	0	0	0	21
69	assemblage-920-647	0	0	0	0	0	0	0	0	0	0	0	0	0	0	0	0	0	0	0	0	0	8	0	9	0	0	63	0	0	0	0	0	0	0	0	0	0	173	0	0	0	0	0	0	0	0	0	0	0	0	0	0	0	0	0	0	0	0	0	0	0	0	0	0	0	0	0	0	0	0	0	0	0	0	0	168	0	53	0	0	0	0	10	0	0	16

70	assemblage-639-223	0	0	0	0	0	0	203	0	0	0	0	0	0	0	0	0	0	10	232	0	0	0	0	0	0	0	0	0	0	0	0	5	0	0	0	0	0	0	0	0	0	0	0	0	0	0	0	0	0	0	0	0	0	0	0	0	0	0	0	0	0	3	19	0	0	0	9	0	0	0	0	0	0	0	0	0	0	0	0	0	0	0	0	0	0	19
70	assemblage-129-651	0	0	0	0	0	0	0	0	0	0	0	0	0	0	0	0	0	0	3	0	0	0	0	0	72	0	0	0	0	13	0	0	0	0	0	0	0	0	0	0	60	268	0	0	0	0	0	0	0	0	52	0	0	0	0	0	0	0	0	0	0	0	0	0	0	0	0	0	0	0	0	0	0	11	0	0	0	0	0	0	0	0	0	0	0	21
70	assemblage-863-488	0	0	0	0	0	0	0	0	0	0	0	0	0	307	0	0	15	0	0	0	0	0	0	0	0	0	0	0	0	0	0	0	0	0	0	0	0	0	0	0	0	0	0	0	0	0	105	0	0	0	0	0	0	0	0	0	0	0	28	0	0	0	0	0	0	8	0	0	0	0	0	0	0	0	0	0	0	0	0	17	0	0	0	0	0	20

71	assemblage-639-223	0	0	0	0	0	0	203	0	0	0	0	0	0	0	0	0	0	10	232	0	0	0	0	0	0	0	0	0	0	0	0	5	0	0	0	0	0	0	0	0	0	0	0	0	0	0	0	0	0	0	0	0	0	0	0	0	0	0	0	0	0	3	19	0	0	0	9	0	0	0	0	0	0	0	0	0	0	0	0	0	0	0	0	0	0	19
71	assemblage-129-651	0	0	0	0	0	0	0	0	0	0	0	0	0	0	0	0	0	0	3	0	0	0	0	0	72	0	0	0	0	13	0	0	0	0	0	0	0	0	0	0	60	268	0	0	0	0	0	0	0	0	52	0	0	0	0	0	0	0	0	0	0	0	0	0	0	0	0	0	0	0	0	0	0	11	0	0	0	0	0	0	0	0	0	0	0	21
71	assemblage-403-242	0	0	0	0	0	0	0	0	0	0	0	0	0	436	0	0	0	0	0	0	0	0	0	0	0	0	0	0	0	0	0	0	0	0	0	0	0	0	0	0	0	0	0	0	0	0	8	0	0	0	0	0	0	0	0	0	0	0	7	0	0	0	0	0	1	0	0	0	0	0	0	0	0	0	0	0	0	0	0	38	0	0	0	0	0	10

72	assemblage-639-223	0	0	0	0	0	0	203	0	0	0	0	0	0	0	0	0	0	10	232	0	0	0	0	0	0	0	0	0	0	0	0	5	0	0	0	0	0	0	0	0	0	0	0	0	0	0	0	0	0	0	0	0	0	0	0	0	0	0	0	0	0	3	19	0	0	0	9	0	0	0	0	0	0	0	0	0	0	0	0	0	0	0	0	0	0	19
72	assemblage-708-159	0	0	0	0	0	0	0	0	0	0	0	0	0	0	0	0	0	0	53	0	0	52	0	0	0	0	0	0	0	0	0	0	0	0	0	0	4	0	0	0	0	0	0	0	0	0	0	0	0	0	35	253	0	0	0	0	0	0	0	0	0	0	0	0	0	0	0	0	0	0	0	0	2	0	0	74	0	0	0	0	0	0	0	0	0	27
72	assemblage-593-369	0	0	0	0	10	0	0	0	0	0	36	0	0	0	0	0	0	0	0	0	13	0	0	0	0	0	0	0	0	0	0	0	0	0	0	0	0	0	0	0	0	0	0	0	0	0	0	0	0	32	0	0	0	0	0	0	0	0	136	0	0	0	0	0	0	0	0	0	0	0	0	0	0	0	0	0	0	0	0	240	0	11	0	0	0	22

73	assemblage-639-223	0	0	0	0	0	0	203	0	0	0	0	0	0	0	0	0	0	10	232	0	0	0	0	0	0	0	0	0	0	0	0	5	0	0	0	0	0	0	0	0	0	0	0	0	0	0	0	0	0	0	0	0	0	0	0	0	0	0	0	0	0	3	19	0	0	0	9	0	0	0	0	0	0	0	0	0	0	0	0	0	0	0	0	0	0	19
73	assemblage-708-159	0	0	0	0	0	0	0	0	0	0	0	0	0	0	0	0	0	0	53	0	0	52	0	0	0	0	0	0	0	0	0	0	0	0	0	0	4	0	0	0	0	0	0	0	0	0	0	0	0	0	35	253	0	0	0	0	0	0	0	0	0	0	0	0	0	0	0	0	0	0	0	0	2	0	0	74	0	0	0	0	0	0	0	0	0	27
73	assemblage-930-730	0	0	0	0	0	0	0	0	0	0	0	26	19	261	0	0	0	0	0	0	0	0	0	0	0	0	0	0	0	0	0	0	0	0	0	0	0	0	0	0	0	0	0	6	0	0	0	0	0	0	0	0	0	0	0	0	0	0	44	0	0	0	0	0	0	0	0	0	0	0	0	0	0	0	0	0	0	0	0	130	0	0	0	0	0	14

74	assemblage-639-223	0	0	0	0	0	0	203	0	0	0	0	0	0	0	0	0	0	10	232	0	0	0	0	0	0	0	0	0	0	0	0	5	0	0	0	0	0	0	0	0	0	0	0	0	0	0	0	0	0	0	0	0	0	0	0	0	0	0	0	0	0	3	19	0	0	0	9	0	0	0	0	0	0	0	0	0	0	0	0	0	0	0	0	0	0	19
74	assemblage-708-159	0	0	0	0	0	0	0	0	0	0	0	0	0	0	0	0	0	0	53	0	0	52	0	0	0	0	0	0	0	0	0	0	0	0	0	0	4	0	0	0	0	0	0	0	0	0	0	0	0	0	35	253	0	0	0	0	0	0	0	0	0	0	0	0	0	0	0	0	0	0	0	0	2	0	0	74	0	0	0	0	0	0	0	0	0	27
74	assemblage-920-647	0	0	0	0	0	0	0	0	0	0	0	0	0	0	0	0	0	0	0	0	0	8	0	9	0	0	63	0	0	0	0	0	0	0	0	0	0	173	0	0	0	0	0	0	0	0	0	0	0	0	0	0	0	0	0	0	0	0	0	0	0	0	0	0	0	0	0	0	0	0	0	0	0	0	0	168	0	53	0	0	0	0	10	0	0	16

75	assemblage-639-223	0	0	0	0	0	0	203	0	0	0	0	0	0	0	0	0	0	10	232	0	0	0	0	0	0	0	0	0	0	0	0	5	0	0	0	0	0	0	0	0	0	0	0	0	0	0	0	0	0	0	0	0	0	0	0	0	0	0	0	0	0	3	19	0	0	0	9	0	0	0	0	0	0	0	0	0	0	0	0	0	0	0	0	0	0	19
75	assemblage-708-159	0	0	0	0	0	0	0	0	0	0	0	0	0	0	0	0	0	0	53	0	0	52	0	0	0	0	0	0	0	0	0	0	0	0	0	0	4	0	0	0	0	0	0	0	0	0	0	0	0	0	35	253	0	0	0	0	0	0	0	0	0	0	0	0	0	0	0	0	0	0	0	0	2	0	0	74	0	0	0	0	0	0	0	0	0	27
75	assemblage-863-488	0	0	0	0	0	0	0	0	0	0	0	0	0	307	0	0	15	0	0	0	0	0	0	0	0	0	0	0	0	0	0	0	0	0	0	0	0	0	0	0	0	0	0	0	0	0	105	0	0	0	0	0	0	0	0	0	0	0	28	0	0	0	0	0	0	8	0	0	0	0	0	0	0	0	0	0	0	0	0	17	0	0	0	0	0	20

76	assemblage-639-223	0	0	0	0	0	0	203	0	0	0	0	0	0	0	0	0	0	10	232	0	0	0	0	0	0	0	0	0	0	0	0	5	0	0	0	0	0	0	0	0	0	0	0	0	0	0	0	0	0	0	0	0	0	0	0	0	0	0	0	0	0	3	19	0	0	0	9	0	0	0	0	0	0	0	0	0	0	0	0	0	0	0	0	0	0	19
76	assemblage-708-159	0	0	0	0	0	0	0	0	0	0	0	0	0	0	0	0	0	0	53	0	0	52	0	0	0	0	0	0	0	0	0	0	0	0	0	0	4	0	0	0	0	0	0	0	0	0	0	0	0	0	35	253	0	0	0	0	0	0	0	0	0	0	0	0	0	0	0	0	0	0	0	0	2	0	0	74	0	0	0	0	0	0	0	0	0	27
76	assemblage-403-242	0	0	0	0	0	0	0	0	0	0	0	0	0	436	0	0	0	0	0	0	0	0	0	0	0	0	0	0	0	0	0	0	0	0	0	0	0	0	0	0	0	0	0	0	0	0	8	0	0	0	0	0	0	0	0	0	0	0	7	0	0	0	0	0	1	0	0	0	0	0	0	0	0	0	0	0	0	0	0	38	0	0	0	0	0	10

77	assemblage-639-223	0	0	0	0	0	0	203	0	0	0	0	0	0	0	0	0	0	10	232	0	0	0	0	0	0	0	0	0	0	0	0	5	0	0	0	0	0	0	0	0	0	0	0	0	0	0	0	0	0	0	0	0	0	0	0	0	0	0	0	0	0	3	19	0	0	0	9	0	0	0	0	0	0	0	0	0	0	0	0	0	0	0	0	0	0	19
77	assemblage-708-159	0	0	0	0	0	0	0	0	0	0	0	0	0	0	0	0	0	0	53	0	0	52	0	0	0	0	0	0	0	0	0	0	0	0	0	0	4	0	0	0	0	0	0	0	0	0	0	0	0	0	35	253	0	0	0	0	0	0	0	0	0	0	0	0	0	0	0	0	0	0	0	0	2	0	0	74	0	0	0	0	0	0	0	0	0	27
77	assemblage-129-651	0	0	0	0	0	0	0	0	0	0	0	0	0	0	0	0	0	0	3	0	0	0	0	0	72	0	0	0	0	13	0	0	0	0	0	0	0	0	0	0	60	268	0	0	0	0	0	0	0	0	52	0	0	0	0	0	0	0	0	0	0	0	0	0	0	0	0	0	0	0	0	0	0	11	0	0	0	0	0	0	0	0	0	0	0	21

78	assemblage-639-223	0	0	0	0	0	0	203	0	0	0	0	0	0	0	0	0	0	10	232	0	0	0	0	0	0	0	0	0	0	0	0	5	0	0	0	0	0	0	0	0	0	0	0	0	0	0	0	0	0	0	0	0	0	0	0	0	0	0	0	0	0	3	19	0	0	0	9	0	0	0	0	0	0	0	0	0	0	0	0	0	0	0	0	0	0	19
78	assemblage-266-233	0	0	0	0	4	0	0	0	0	0	0	0	0	366	0	0	0	0	0	0	0	0	0	0	0	0	0	0	7	0	0	0	0	0	0	0	0	0	0	0	0	0	0	0	46	0	0	0	0	4	0	0	0	0	5	0	0	0	42	0	0	0	0	0	0	0	0	0	0	0	0	0	0	0	0	0	0	0	0	0	0	0	0	0	0	26
78	assemblage-593-369	0	0	0	0	10	0	0	0	0	0	36	0	0	0	0	0	0	0	0	0	13	0	0	0	0	0	0	0	0	0	0	0	0	0	0	0	0	0	0	0	0	0	0	0	0	0	0	0	0	32	0	0	0	0	0	0	0	0	136	0	0	0	0	0	0	0	0	0	0	0	0	0	0	0	0	0	0	0	0	240	0	11	0	0	0	22

79	assemblage-639-223	0	0	0	0	0	0	203	0	0	0	0	0	0	0	0	0	0	10	232	0	0	0	0	0	0	0	0	0	0	0	0	5	0	0	0	0	0	0	0	0	0	0	0	0	0	0	0	0	0	0	0	0	0	0	0	0	0	0	0	0	0	3	19	0	0	0	9	0	0	0	0	0	0	0	0	0	0	0	0	0	0	0	0	0	0	19
79	assemblage-266-233	0	0	0	0	4	0	0	0	0	0	0	0	0	366	0	0	0	0	0	0	0	0	0	0	0	0	0	0	7	0	0	0	0	0	0	0	0	0	0	0	0	0	0	0	46	0	0	0	0	4	0	0	0	0	5	0	0	0	42	0	0	0	0	0	0	0	0	0	0	0	0	0	0	0	0	0	0	0	0	0	0	0	0	0	0	26
79	assemblage-930-730	0	0	0	0	0	0	0	0	0	0	0	26	19	261	0	0	0	0	0	0	0	0	0	0	0	0	0	0	0	0	0	0	0	0	0	0	0	0	0	0	0	0	0	6	0	0	0	0	0	0	0	0	0	0	0	0	0	0	44	0	0	0	0	0	0	0	0	0	0	0	0	0	0	0	0	0	0	0	0	130	0	0	0	0	0	14

80	assemblage-639-223	0	0	0	0	0	0	203	0	0	0	0	0	0	0	0	0	0	10	232	0	0	0	0	0	0	0	0	0	0	0	0	5	0	0	0	0	0	0	0	0	0	0	0	0	0	0	0	0	0	0	0	0	0	0	0	0	0	0	0	0	0	3	19	0	0	0	9	0	0	0	0	0	0	0	0	0	0	0	0	0	0	0	0	0	0	19
80	assemblage-266-233	0	0	0	0	4	0	0	0	0	0	0	0	0	366	0	0	0	0	0	0	0	0	0	0	0	0	0	0	7	0	0	0	0	0	0	0	0	0	0	0	0	0	0	0	46	0	0	0	0	4	0	0	0	0	5	0	0	0	42	0	0	0	0	0	0	0	0	0	0	0	0	0	0	0	0	0	0	0	0	0	0	0	0	0	0	26
80	assemblage-920-647	0	0	0	0	0	0	0	0	0	0	0	0	0	0	0	0	0	0	0	0	0	8	0	9	0	0	63	0	0	0	0	0	0	0	0	0	0	173	0	0	0	0	0	0	0	0	0	0	0	0	0	0	0	0	0	0	0	0	0	0	0	0	0	0	0	0	0	0	0	0	0	0	0	0	0	168	0	53	0	0	0	0	10	0	0	16

81	assemblage-639-223	0	0	0	0	0	0	203	0	0	0	0	0	0	0	0	0	0	10	232	0	0	0	0	0	0	0	0	0	0	0	0	5	0	0	0	0	0	0	0	0	0	0	0	0	0	0	0	0	0	0	0	0	0	0	0	0	0	0	0	0	0	3	19	0	0	0	9	0	0	0	0	0	0	0	0	0	0	0	0	0	0	0	0	0	0	19
81	assemblage-266-233	0	0	0	0	4	0	0	0	0	0	0	0	0	366	0	0	0	0	0	0	0	0	0	0	0	0	0	0	7	0	0	0	0	0	0	0	0	0	0	0	0	0	0	0	46	0	0	0	0	4	0	0	0	0	5	0	0	0	42	0	0	0	0	0	0	0	0	0	0	0	0	0	0	0	0	0	0	0	0	0	0	0	0	0	0	26
81	assemblage-863-488	0	0	0	0	0	0	0	0	0	0	0	0	0	307	0	0	15	0	0	0	0	0	0	0	0	0	0	0	0	0	0	0	0	0	0	0	0	0	0	0	0	0	0	0	0	0	105	0	0	0	0	0	0	0	0	0	0	0	28	0	0	0	0	0	0	8	0	0	0	0	0	0	0	0	0	0	0	0	0	17	0	0	0	0	0	20

82	assemblage-639-223	0	0	0	0	0	0	203	0	0	0	0	0	0	0	0	0	0	10	232	0	0	0	0	0	0	0	0	0	0	0	0	5	0	0	0	0	0	0	0	0	0	0	0	0	0	0	0	0	0	0	0	0	0	0	0	0	0	0	0	0	0	3	19	0	0	0	9	0	0	0	0	0	0	0	0	0	0	0	0	0	0	0	0	0	0	19
82	assemblage-266-233	0	0	0	0	4	0	0	0	0	0	0	0	0	366	0	0	0	0	0	0	0	0	0	0	0	0	0	0	7	0	0	0	0	0	0	0	0	0	0	0	0	0	0	0	46	0	0	0	0	4	0	0	0	0	5	0	0	0	42	0	0	0	0	0	0	0	0	0	0	0	0	0	0	0	0	0	0	0	0	0	0	0	0	0	0	26
82	assemblage-403-242	0	0	0	0	0	0	0	0	0	0	0	0	0	436	0	0	0	0	0	0	0	0	0	0	0	0	0	0	0	0	0	0	0	0	0	0	0	0	0	0	0	0	0	0	0	0	8	0	0	0	0	0	0	0	0	0	0	0	7	0	0	0	0	0	1	0	0	0	0	0	0	0	0	0	0	0	0	0	0	38	0	0	0	0	0	10

83	assemblage-689-564	0	0	0	0	0	0	0	0	0	0	0	0	0	293	0	0	29	0	0	0	0	0	0	0	0	0	0	0	0	0	0	0	0	0	0	0	0	0	0	0	0	0	0	0	0	0	125	0	0	0	0	0	0	0	0	0	0	0	21	0	0	0	0	0	0	3	0	0	0	0	0	0	0	0	0	0	5	0	0	14	0	0	0	0	0	10
83	assemblage-593-369	0	0	0	0	10	0	0	0	0	0	36	0	0	0	0	0	0	0	0	0	13	0	0	0	0	0	0	0	0	0	0	0	0	0	0	0	0	0	0	0	0	0	0	0	0	0	0	0	0	32	0	0	0	0	0	0	0	0	136	0	0	0	0	0	0	0	0	0	0	0	0	0	0	0	0	0	0	0	0	240	0	11	0	0	0	22
83	assemblage-254-702	0	0	0	0	0	0	0	0	10	0	0	0	0	0	0	0	0	0	408	0	0	24	0	0	0	11	0	0	0	0	0	0	0	0	0	0	0	0	0	0	0	23	0	0	0	0	0	0	0	0	0	0	0	0	0	0	0	0	0	0	0	0	0	0	0	0	0	2	0	0	0	0	0	0	0	7	0	0	0	0	0	0	0	0	0	15

84	assemblage-689-564	0	0	0	0	0	0	0	0	0	0	0	0	0	293	0	0	29	0	0	0	0	0	0	0	0	0	0	0	0	0	0	0	0	0	0	0	0	0	0	0	0	0	0	0	0	0	125	0	0	0	0	0	0	0	0	0	0	0	21	0	0	0	0	0	0	3	0	0	0	0	0	0	0	0	0	0	5	0	0	14	0	0	0	0	0	10
84	assemblage-816-430	0	0	0	16	0	34	44	0	0	0	0	0	0	0	0	0	0	0	43	0	0	0	0	0	0	0	0	0	0	0	0	0	0	4	0	99	0	0	0	0	0	0	0	0	0	0	0	0	0	52	0	0	0	0	0	0	0	0	191	0	0	0	0	0	0	0	0	0	0	0	0	0	0	0	0	0	0	0	0	0	0	0	0	0	0	17
84	assemblage-254-702	0	0	0	0	0	0	0	0	10	0	0	0	0	0	0	0	0	0	408	0	0	24	0	0	0	11	0	0	0	0	0	0	0	0	0	0	0	0	0	0	0	23	0	0	0	0	0	0	0	0	0	0	0	0	0	0	0	0	0	0	0	0	0	0	0	0	0	2	0	0	0	0	0	0	0	7	0	0	0	0	0	0	0	0	0	15

85	assemblage-689-564	0	0	0	0	0	0	0	0	0	0	0	0	0	293	0	0	29	0	0	0	0	0	0	0	0	0	0	0	0	0	0	0	0	0	0	0	0	0	0	0	0	0	0	0	0	0	125	0	0	0	0	0	0	0	0	0	0	0	21	0	0	0	0	0	0	3	0	0	0	0	0	0	0	0	0	0	5	0	0	14	0	0	0	0	0	10
85	assemblage-930-730	0	0	0	0	0	0	0	0	0	0	0	26	19	261	0	0	0	0	0	0	0	0	0	0	0	0	0	0	0	0	0	0	0	0	0	0	0	0	0	0	0	0	0	6	0	0	0	0	0	0	0	0	0	0	0	0	0	0	44	0	0	0	0	0	0	0	0	0	0	0	0	0	0	0	0	0	0	0	0	130	0	0	0	0	0	14
85	assemblage-254-702	0	0	0	0	0	0	0	0	10	0	0	0	0	0	0	0	0	0	408	0	0	24	0	0	0	11	0	0	0	0	0	0	0	0	0	0	0	0	0	0	0	23	0	0	0	0	0	0	0	0	0	0	0	0	0	0	0	0	0	0	0	0	0	0	0	0	0	2	0	0	0	0	0	0	0	7	0	0	0	0	0	0	0	0	0	15

86	assemblage-689-564	0	0	0	0	0	0	0	0	0	0	0	0	0	293	0	0	29	0	0	0	0	0	0	0	0	0	0	0	0	0	0	0	0	0	0	0	0	0	0	0	0	0	0	0	0	0	125	0	0	0	0	0	0	0	0	0	0	0	21	0	0	0	0	0	0	3	0	0	0	0	0	0	0	0	0	0	5	0	0	14	0	0	0	0	0	10
86	assemblage-760-273	0	14	0	0	0	0	161	0	0	0	0	0	0	5	0	0	0	0	55	0	0	0	0	0	0	0	0	0	0	0	0	0	0	0	0	0	0	0	0	0	0	0	0	0	0	0	0	0	0	0	0	60	0	0	0	0	0	0	0	0	0	11	136	0	0	0	0	0	25	0	0	0	0	0	0	0	0	0	0	0	0	0	0	0	14	19
86	assemblage-254-702	0	0	0	0	0	0	0	0	10	0	0	0	0	0	0	0	0	0	408	0	0	24	0	0	0	11	0	0	0	0	0	0	0	0	0	0	0	0	0	0	0	23	0	0	0	0	0	0	0	0	0	0	0	0	0	0	0	0	0	0	0	0	0	0	0	0	0	2	0	0	0	0	0	0	0	7	0	0	0	0	0	0	0	0	0	15

87	assemblage-689-564	0	0	0	0	0	0	0	0	0	0	0	0	0	293	0	0	29	0	0	0	0	0	0	0	0	0	0	0	0	0	0	0	0	0	0	0	0	0	0	0	0	0	0	0	0	0	125	0	0	0	0	0	0	0	0	0	0	0	21	0	0	0	0	0	0	3	0	0	0	0	0	0	0	0	0	0	5	0	0	14	0	0	0	0	0	10
87	assemblage-920-647	0	0	0	0	0	0	0	0	0	0	0	0	0	0	0	0	0	0	0	0	0	8	0	9	0	0	63	0	0	0	0	0	0	0	0	0	0	173	0	0	0	0	0	0	0	0	0	0	0	0	0	0	0	0	0	0	0	0	0	0	0	0	0	0	0	0	0	0	0	0	0	0	0	0	0	168	0	53	0	0	0	0	10	0	0	16
87	assemblage-254-702	0	0	0	0	0	0	0	0	10	0	0	0	0	0	0	0	0	0	408	0	0	24	0	0	0	11	0	0	0	0	0	0	0	0	0	0	0	0	0	0	0	23	0	0	0	0	0	0	0	0	0	0	0	0	0	0	0	0	0	0	0	0	0	0	0	0	0	2	0	0	0	0	0	0	0	7	0	0	0	0	0	0	0	0	0	15

88	assemblage-689-564	0	0	0	0	0	0	0	0	0	0	0	0	0	293	0	0	29	0	0	0	0	0	0	0	0	0	0	0	0	0	0	0	0	0	0	0	0	0	0	0	0	0	0	0	0	0	125	0	0	0	0	0	0	0	0	0	0	0	21	0	0	0	0	0	0	3	0	0	0	0	0	0	0	0	0	0	5	0	0	14	0	0	0	0	0	10
88	assemblage-863-488	0	0	0	0	0	0	0	0	0	0	0	0	0	307	0	0	15	0	0	0	0	0	0	0	0	0	0	0	0	0	0	0	0	0	0	0	0	0	0	0	0	0	0	0	0	0	105	0	0	0	0	0	0	0	0	0	0	0	28	0	0	0	0	0	0	8	0	0	0	0	0	0	0	0	0	0	0	0	0	17	0	0	0	0	0	20
88	assemblage-254-702	0	0	0	0	0	0	0	0	10	0	0	0	0	0	0	0	0	0	408	0	0	24	0	0	0	11	0	0	0	0	0	0	0	0	0	0	0	0	0	0	0	23	0	0	0	0	0	0	0	0	0	0	0	0	0	0	0	0	0	0	0	0	0	0	0	0	0	2	0	0	0	0	0	0	0	7	0	0	0	0	0	0	0	0	0	15

89	assemblage-689-564	0	0	0	0	0	0	0	0	0	0	0	0	0	293	0	0	29	0	0	0	0	0	0	0	0	0	0	0	0	0	0	0	0	0	0	0	0	0	0	0	0	0	0	0	0	0	125	0	0	0	0	0	0	0	0	0	0	0	21	0	0	0	0	0	0	3	0	0	0	0	0	0	0	0	0	0	5	0	0	14	0	0	0	0	0	10
89	assemblage-863-488	0	0	0	0	0	0	0	0	0	0	0	0	0	307	0	0	15	0	0	0	0	0	0	0	0	0	0	0	0	0	0	0	0	0	0	0	0	0	0	0	0	0	0	0	0	0	105	0	0	0	0	0	0	0	0	0	0	0	28	0	0	0	0	0	0	8	0	0	0	0	0	0	0	0	0	0	0	0	0	17	0	0	0	0	0	20
89	assemblage-593-369	0	0	0	0	10	0	0	0	0	0	36	0	0	0	0	0	0	0	0	0	13	0	0	0	0	0	0	0	0	0	0	0	0	0	0	0	0	0	0	0	0	0	0	0	0	0	0	0	0	32	0	0	0	0	0	0	0	0	136	0	0	0	0	0	0	0	0	0	0	0	0	0	0	0	0	0	0	0	0	240	0	11	0	0	0	22

90	assemblage-689-564	0	0	0	0	0	0	0	0	0	0	0	0	0	293	0	0	29	0	0	0	0	0	0	0	0	0	0	0	0	0	0	0	0	0	0	0	0	0	0	0	0	0	0	0	0	0	125	0	0	0	0	0	0	0	0	0	0	0	21	0	0	0	0	0	0	3	0	0	0	0	0	0	0	0	0	0	5	0	0	14	0	0	0	0	0	10
90	assemblage-863-488	0	0	0	0	0	0	0	0	0	0	0	0	0	307	0	0	15	0	0	0	0	0	0	0	0	0	0	0	0	0	0	0	0	0	0	0	0	0	0	0	0	0	0	0	0	0	105	0	0	0	0	0	0	0	0	0	0	0	28	0	0	0	0	0	0	8	0	0	0	0	0	0	0	0	0	0	0	0	0	17	0	0	0	0	0	20
90	assemblage-816-430	0	0	0	16	0	34	44	0	0	0	0	0	0	0	0	0	0	0	43	0	0	0	0	0	0	0	0	0	0	0	0	0	0	4	0	99	0	0	0	0	0	0	0	0	0	0	0	0	0	52	0	0	0	0	0	0	0	0	191	0	0	0	0	0	0	0	0	0	0	0	0	0	0	0	0	0	0	0	0	0	0	0	0	0	0	17

91	assemblage-689-564	0	0	0	0	0	0	0	0	0	0	0	0	0	293	0	0	29	0	0	0	0	0	0	0	0	0	0	0	0	0	0	0	0	0	0	0	0	0	0	0	0	0	0	0	0	0	125	0	0	0	0	0	0	0	0	0	0	0	21	0	0	0	0	0	0	3	0	0	0	0	0	0	0	0	0	0	5	0	0	14	0	0	0	0	0	10
91	assemblage-863-488	0	0	0	0	0	0	0	0	0	0	0	0	0	307	0	0	15	0	0	0	0	0	0	0	0	0	0	0	0	0	0	0	0	0	0	0	0	0	0	0	0	0	0	0	0	0	105	0	0	0	0	0	0	0	0	0	0	0	28	0	0	0	0	0	0	8	0	0	0	0	0	0	0	0	0	0	0	0	0	17	0	0	0	0	0	20
91	assemblage-930-730	0	0	0	0	0	0	0	0	0	0	0	26	19	261	0	0	0	0	0	0	0	0	0	0	0	0	0	0	0	0	0	0	0	0	0	0	0	0	0	0	0	0	0	6	0	0	0	0	0	0	0	0	0	0	0	0	0	0	44	0	0	0	0	0	0	0	0	0	0	0	0	0	0	0	0	0	0	0	0	130	0	0	0	0	0	14

92	assemblage-689-564	0	0	0	0	0	0	0	0	0	0	0	0	0	293	0	0	29	0	0	0	0	0	0	0	0	0	0	0	0	0	0	0	0	0	0	0	0	0	0	0	0	0	0	0	0	0	125	0	0	0	0	0	0	0	0	0	0	0	21	0	0	0	0	0	0	3	0	0	0	0	0	0	0	0	0	0	5	0	0	14	0	0	0	0	0	10
92	assemblage-863-488	0	0	0	0	0	0	0	0	0	0	0	0	0	307	0	0	15	0	0	0	0	0	0	0	0	0	0	0	0	0	0	0	0	0	0	0	0	0	0	0	0	0	0	0	0	0	105	0	0	0	0	0	0	0	0	0	0	0	28	0	0	0	0	0	0	8	0	0	0	0	0	0	0	0	0	0	0	0	0	17	0	0	0	0	0	20
92	assemblage-760-273	0	14	0	0	0	0	161	0	0	0	0	0	0	5	0	0	0	0	55	0	0	0	0	0	0	0	0	0	0	0	0	0	0	0	0	0	0	0	0	0	0	0	0	0	0	0	0	0	0	0	0	60	0	0	0	0	0	0	0	0	0	11	136	0	0	0	0	0	25	0	0	0	0	0	0	0	0	0	0	0	0	0	0	0	14	19

93	assemblage-689-564	0	0	0	0	0	0	0	0	0	0	0	0	0	293	0	0	29	0	0	0	0	0	0	0	0	0	0	0	0	0	0	0	0	0	0	0	0	0	0	0	0	0	0	0	0	0	125	0	0	0	0	0	0	0	0	0	0	0	21	0	0	0	0	0	0	3	0	0	0	0	0	0	0	0	0	0	5	0	0	14	0	0	0	0	0	10
93	assemblage-863-488	0	0	0	0	0	0	0	0	0	0	0	0	0	307	0	0	15	0	0	0	0	0	0	0	0	0	0	0	0	0	0	0	0	0	0	0	0	0	0	0	0	0	0	0	0	0	105	0	0	0	0	0	0	0	0	0	0	0	28	0	0	0	0	0	0	8	0	0	0	0	0	0	0	0	0	0	0	0	0	17	0	0	0	0	0	20
93	assemblage-920-647	0	0	0	0	0	0	0	0	0	0	0	0	0	0	0	0	0	0	0	0	0	8	0	9	0	0	63	0	0	0	0	0	0	0	0	0	0	173	0	0	0	0	0	0	0	0	0	0	0	0	0	0	0	0	0	0	0	0	0	0	0	0	0	0	0	0	0	0	0	0	0	0	0	0	0	168	0	53	0	0	0	0	10	0	0	16

94	assemblage-689-564	0	0	0	0	0	0	0	0	0	0	0	0	0	293	0	0	29	0	0	0	0	0	0	0	0	0	0	0	0	0	0	0	0	0	0	0	0	0	0	0	0	0	0	0	0	0	125	0	0	0	0	0	0	0	0	0	0	0	21	0	0	0	0	0	0	3	0	0	0	0	0	0	0	0	0	0	5	0	0	14	0	0	0	0	0	10
94	assemblage-423-796	22	0	0	0	0	0	0	0	0	0	0	0	0	0	0	0	0	0	201	229	0	0	35	0	0	0	0	0	0	0	0	0	0	0	0	0	0	0	0	0	0	0	4	0	0	0	0	0	0	0	0	0	0	0	0	0	0	0	0	0	0	0	0	0	0	0	0	0	0	0	0	0	0	0	0	0	0	0	0	0	0	0	0	0	0	9
94	assemblage-254-702	0	0	0	0	0	0	0	0	10	0	0	0	0	0	0	0	0	0	408	0	0	24	0	0	0	11	0	0	0	0	0	0	0	0	0	0	0	0	0	0	0	23	0	0	0	0	0	0	0	0	0	0	0	0	0	0	0	0	0	0	0	0	0	0	0	0	0	2	0	0	0	0	0	0	0	7	0	0	0	0	0	0	0	0	0	15

95	assemblage-689-564	0	0	0	0	0	0	0	0	0	0	0	0	0	293	0	0	29	0	0	0	0	0	0	0	0	0	0	0	0	0	0	0	0	0	0	0	0	0	0	0	0	0	0	0	0	0	125	0	0	0	0	0	0	0	0	0	0	0	21	0	0	0	0	0	0	3	0	0	0	0	0	0	0	0	0	0	5	0	0	14	0	0	0	0	0	10
95	assemblage-423-796	22	0	0	0	0	0	0	0	0	0	0	0	0	0	0	0	0	0	201	229	0	0	35	0	0	0	0	0	0	0	0	0	0	0	0	0	0	0	0	0	0	0	4	0	0	0	0	0	0	0	0	0	0	0	0	0	0	0	0	0	0	0	0	0	0	0	0	0	0	0	0	0	0	0	0	0	0	0	0	0	0	0	0	0	0	9
95	assemblage-920-647	0	0	0	0	0	0	0	0	0	0	0	0	0	0	0	0	0	0	0	0	0	8	0	9	0	0	63	0	0	0	0	0	0	0	0	0	0	173	0	0	0	0	0	0	0	0	0	0	0	0	0	0	0	0	0	0	0	0	0	0	0	0	0	0	0	0	0	0	0	0	0	0	0	0	0	168	0	53	0	0	0	0	10	0	0	16

96	assemblage-689-564	0	0	0	0	0	0	0	0	0	0	0	0	0	293	0	0	29	0	0	0	0	0	0	0	0	0	0	0	0	0	0	0	0	0	0	0	0	0	0	0	0	0	0	0	0	0	125	0	0	0	0	0	0	0	0	0	0	0	21	0	0	0	0	0	0	3	0	0	0	0	0	0	0	0	0	0	5	0	0	14	0	0	0	0	0	10
96	assemblage-403-242	0	0	0	0	0	0	0	0	0	0	0	0	0	436	0	0	0	0	0	0	0	0	0	0	0	0	0	0	0	0	0	0	0	0	0	0	0	0	0	0	0	0	0	0	0	0	8	0	0	0	0	0	0	0	0	0	0	0	7	0	0	0	0	0	1	0	0	0	0	0	0	0	0	0	0	0	0	0	0	38	0	0	0	0	0	10
96	assemblage-254-702	0	0	0	0	0	0	0	0	10	0	0	0	0	0	0	0	0	0	408	0	0	24	0	0	0	11	0	0	0	0	0	0	0	0	0	0	0	0	0	0	0	23	0	0	0	0	0	0	0	0	0	0	0	0	0	0	0	0	0	0	0	0	0	0	0	0	0	2	0	0	0	0	0	0	0	7	0	0	0	0	0	0	0	0	0	15

97	assemblage-689-564	0	0	0	0	0	0	0	0	0	0	0	0	0	293	0	0	29	0	0	0	0	0	0	0	0	0	0	0	0	0	0	0	0	0	0	0	0	0	0	0	0	0	0	0	0	0	125	0	0	0	0	0	0	0	0	0	0	0	21	0	0	0	0	0	0	3	0	0	0	0	0	0	0	0	0	0	5	0	0	14	0	0	0	0	0	10
97	assemblage-403-242	0	0	0	0	0	0	0	0	0	0	0	0	0	436	0	0	0	0	0	0	0	0	0	0	0	0	0	0	0	0	0	0	0	0	0	0	0	0	0	0	0	0	0	0	0	0	8	0	0	0	0	0	0	0	0	0	0	0	7	0	0	0	0	0	1	0	0	0	0	0	0	0	0	0	0	0	0	0	0	38	0	0	0	0	0	10
97	assemblage-760-273	0	14	0	0	0	0	161	0	0	0	0	0	0	5	0	0	0	0	55	0	0	0	0	0	0	0	0	0	0	0	0	0	0	0	0	0	0	0	0	0	0	0	0	0	0	0	0	0	0	0	0	60	0	0	0	0	0	0	0	0	0	11	136	0	0	0	0	0	25	0	0	0	0	0	0	0	0	0	0	0	0	0	0	0	14	19

98	assemblage-689-564	0	0	0	0	0	0	0	0	0	0	0	0	0	293	0	0	29	0	0	0	0	0	0	0	0	0	0	0	0	0	0	0	0	0	0	0	0	0	0	0	0	0	0	0	0	0	125	0	0	0	0	0	0	0	0	0	0	0	21	0	0	0	0	0	0	3	0	0	0	0	0	0	0	0	0	0	5	0	0	14	0	0	0	0	0	10
98	assemblage-403-242	0	0	0	0	0	0	0	0	0	0	0	0	0	436	0	0	0	0	0	0	0	0	0	0	0	0	0	0	0	0	0	0	0	0	0	0	0	0	0	0	0	0	0	0	0	0	8	0	0	0	0	0	0	0	0	0	0	0	7	0	0	0	0	0	1	0	0	0	0	0	0	0	0	0	0	0	0	0	0	38	0	0	0	0	0	10
98	assemblage-920-647	0	0	0	0	0	0	0	0	0	0	0	0	0	0	0	0	0	0	0	0	0	8	0	9	0	0	63	0	0	0	0	0	0	0	0	0	0	173	0	0	0	0	0	0	0	0	0	0	0	0	0	0	0	0	0	0	0	0	0	0	0	0	0	0	0	0	0	0	0	0	0	0	0	0	0	168	0	53	0	0	0	0	10	0	0	16

99	assemblage-689-564	0	0	0	0	0	0	0	0	0	0	0	0	0	293	0	0	29	0	0	0	0	0	0	0	0	0	0	0	0	0	0	0	0	0	0	0	0	0	0	0	0	0	0	0	0	0	125	0	0	0	0	0	0	0	0	0	0	0	21	0	0	0	0	0	0	3	0	0	0	0	0	0	0	0	0	0	5	0	0	14	0	0	0	0	0	10
99	assemblage-403-242	0	0	0	0	0	0	0	0	0	0	0	0	0	436	0	0	0	0	0	0	0	0	0	0	0	0	0	0	0	0	0	0	0	0	0	0	0	0	0	0	0	0	0	0	0	0	8	0	0	0	0	0	0	0	0	0	0	0	7	0	0	0	0	0	1	0	0	0	0	0	0	0	0	0	0	0	0	0	0	38	0	0	0	0	0	10
99	assemblage-423-796	22	0	0	0	0	0	0	0	0	0	0	0	0	0	0	0	0	0	201	229	0	0	35	0	0	0	0	0	0	0	0	0	0	0	0	0	0	0	0	0	0	0	4	0	0	0	0	0	0	0	0	0	0	0	0	0	0	0	0	0	0	0	0	0	0	0	0	0	0	0	0	0	0	0	0	0	0	0	0	0	0	0	0	0	0	9

100	assemblage-689-564	0	0	0	0	0	0	0	0	0	0	0	0	0	293	0	0	29	0	0	0	0	0	0	0	0	0	0	0	0	0	0	0	0	0	0	0	0	0	0	0	0	0	0	0	0	0	125	0	0	0	0	0	0	0	0	0	0	0	21	0	0	0	0	0	0	3	0	0	0	0	0	0	0	0	0	0	5	0	0	14	0	0	0	0	0	10
100	assemblage-129-651	0	0	0	0	0	0	0	0	0	0	0	0	0	0	0	0	0	0	3	0	0	0	0	0	72	0	0	0	0	13	0	0	0	0	0	0	0	0	0	0	60	268	0	0	0	0	0	0	0	0	52	0	0	0	0	0	0	0	0	0	0	0	0	0	0	0	0	0	0	0	0	0	0	11	0	0	0	0	0	0	0	0	0	0	0	21
100	assemblage-254-702	0	0	0	0	0	0	0	0	10	0	0	0	0	0	0	0	0	0	408	0	0	24	0	0	0	11	0	0	0	0	0	0	0	0	0	0	0	0	0	0	0	23	0	0	0	0	0	0	0	0	0	0	0	0	0	0	0	0	0	0	0	0	0	0	0	0	0	2	0	0	0	0	0	0	0	7	0	0	0	0	0	0	0	0	0	15

101	assemblage-689-564	0	0	0	0	0	0	0	0	0	0	0	0	0	293	0	0	29	0	0	0	0	0	0	0	0	0	0	0	0	0	0	0	0	0	0	0	0	0	0	0	0	0	0	0	0	0	125	0	0	0	0	0	0	0	0	0	0	0	21	0	0	0	0	0	0	3	0	0	0	0	0	0	0	0	0	0	5	0	0	14	0	0	0	0	0	10
101	assemblage-129-651	0	0	0	0	0	0	0	0	0	0	0	0	0	0	0	0	0	0	3	0	0	0	0	0	72	0	0	0	0	13	0	0	0	0	0	0	0	0	0	0	60	268	0	0	0	0	0	0	0	0	52	0	0	0	0	0	0	0	0	0	0	0	0	0	0	0	0	0	0	0	0	0	0	11	0	0	0	0	0	0	0	0	0	0	0	21
101	assemblage-920-647	0	0	0	0	0	0	0	0	0	0	0	0	0	0	0	0	0	0	0	0	0	8	0	9	0	0	63	0	0	0	0	0	0	0	0	0	0	173	0	0	0	0	0	0	0	0	0	0	0	0	0	0	0	0	0	0	0	0	0	0	0	0	0	0	0	0	0	0	0	0	0	0	0	0	0	168	0	53	0	0	0	0	10	0	0	16

102	assemblage-689-564	0	0	0	0	0	0	0	0	0	0	0	0	0	293	0	0	29	0	0	0	0	0	0	0	0	0	0	0	0	0	0	0	0	0	0	0	0	0	0	0	0	0	0	0	0	0	125	0	0	0	0	0	0	0	0	0	0	0	21	0	0	0	0	0	0	3	0	0	0	0	0	0	0	0	0	0	5	0	0	14	0	0	0	0	0	10
102	assemblage-129-651	0	0	0	0	0	0	0	0	0	0	0	0	0	0	0	0	0	0	3	0	0	0	0	0	72	0	0	0	0	13	0	0	0	0	0	0	0	0	0	0	60	268	0	0	0	0	0	0	0	0	52	0	0	0	0	0	0	0	0	0	0	0	0	0	0	0	0	0	0	0	0	0	0	11	0	0	0	0	0	0	0	0	0	0	0	21
102	assemblage-423-796	22	0	0	0	0	0	0	0	0	0	0	0	0	0	0	0	0	0	201	229	0	0	35	0	0	0	0	0	0	0	0	0	0	0	0	0	0	0	0	0	0	0	4	0	0	0	0	0	0	0	0	0	0	0	0	0	0	0	0	0	0	0	0	0	0	0	0	0	0	0	0	0	0	0	0	0	0	0	0	0	0	0	0	0	0	9

103	assemblage-689-564	0	0	0	0	0	0	0	0	0	0	0	0	0	293	0	0	29	0	0	0	0	0	0	0	0	0	0	0	0	0	0	0	0	0	0	0	0	0	0	0	0	0	0	0	0	0	125	0	0	0	0	0	0	0	0	0	0	0	21	0	0	0	0	0	0	3	0	0	0	0	0	0	0	0	0	0	5	0	0	14	0	0	0	0	0	10
103	assemblage-708-159	0	0	0	0	0	0	0	0	0	0	0	0	0	0	0	0	0	0	53	0	0	52	0	0	0	0	0	0	0	0	0	0	0	0	0	0	4	0	0	0	0	0	0	0	0	0	0	0	0	0	35	253	0	0	0	0	0	0	0	0	0	0	0	0	0	0	0	0	0	0	0	0	2	0	0	74	0	0	0	0	0	0	0	0	0	27
103	assemblage-254-702	0	0	0	0	0	0	0	0	10	0	0	0	0	0	0	0	0	0	408	0	0	24	0	0	0	11	0	0	0	0	0	0	0	0	0	0	0	0	0	0	0	23	0	0	0	0	0	0	0	0	0	0	0	0	0	0	0	0	0	0	0	0	0	0	0	0	0	2	0	0	0	0	0	0	0	7	0	0	0	0	0	0	0	0	0	15

104	assemblage-689-564	0	0	0	0	0	0	0	0	0	0	0	0	0	293	0	0	29	0	0	0	0	0	0	0	0	0	0	0	0	0	0	0	0	0	0	0	0	0	0	0	0	0	0	0	0	0	125	0	0	0	0	0	0	0	0	0	0	0	21	0	0	0	0	0	0	3	0	0	0	0	0	0	0	0	0	0	5	0	0	14	0	0	0	0	0	10
104	assemblage-708-159	0	0	0	0	0	0	0	0	0	0	0	0	0	0	0	0	0	0	53	0	0	52	0	0	0	0	0	0	0	0	0	0	0	0	0	0	4	0	0	0	0	0	0	0	0	0	0	0	0	0	35	253	0	0	0	0	0	0	0	0	0	0	0	0	0	0	0	0	0	0	0	0	2	0	0	74	0	0	0	0	0	0	0	0	0	27
104	assemblage-920-647	0	0	0	0	0	0	0	0	0	0	0	0	0	0	0	0	0	0	0	0	0	8	0	9	0	0	63	0	0	0	0	0	0	0	0	0	0	173	0	0	0	0	0	0	0	0	0	0	0	0	0	0	0	0	0	0	0	0	0	0	0	0	0	0	0	0	0	0	0	0	0	0	0	0	0	168	0	53	0	0	0	0	10	0	0	16

105	assemblage-689-564	0	0	0	0	0	0	0	0	0	0	0	0	0	293	0	0	29	0	0	0	0	0	0	0	0	0	0	0	0	0	0	0	0	0	0	0	0	0	0	0	0	0	0	0	0	0	125	0	0	0	0	0	0	0	0	0	0	0	21	0	0	0	0	0	0	3	0	0	0	0	0	0	0	0	0	0	5	0	0	14	0	0	0	0	0	10
105	assemblage-708-159	0	0	0	0	0	0	0	0	0	0	0	0	0	0	0	0	0	0	53	0	0	52	0	0	0	0	0	0	0	0	0	0	0	0	0	0	4	0	0	0	0	0	0	0	0	0	0	0	0	0	35	253	0	0	0	0	0	0	0	0	0	0	0	0	0	0	0	0	0	0	0	0	2	0	0	74	0	0	0	0	0	0	0	0	0	27
105	assemblage-423-796	22	0	0	0	0	0	0	0	0	0	0	0	0	0	0	0	0	0	201	229	0	0	35	0	0	0	0	0	0	0	0	0	0	0	0	0	0	0	0	0	0	0	4	0	0	0	0	0	0	0	0	0	0	0	0	0	0	0	0	0	0	0	0	0	0	0	0	0	0	0	0	0	0	0	0	0	0	0	0	0	0	0	0	0	0	9

106	assemblage-689-564	0	0	0	0	0	0	0	0	0	0	0	0	0	293	0	0	29	0	0	0	0	0	0	0	0	0	0	0	0	0	0	0	0	0	0	0	0	0	0	0	0	0	0	0	0	0	125	0	0	0	0	0	0	0	0	0	0	0	21	0	0	0	0	0	0	3	0	0	0	0	0	0	0	0	0	0	5	0	0	14	0	0	0	0	0	10
106	assemblage-708-159	0	0	0	0	0	0	0	0	0	0	0	0	0	0	0	0	0	0	53	0	0	52	0	0	0	0	0	0	0	0	0	0	0	0	0	0	4	0	0	0	0	0	0	0	0	0	0	0	0	0	35	253	0	0	0	0	0	0	0	0	0	0	0	0	0	0	0	0	0	0	0	0	2	0	0	74	0	0	0	0	0	0	0	0	0	27
106	assemblage-129-651	0	0	0	0	0	0	0	0	0	0	0	0	0	0	0	0	0	0	3	0	0	0	0	0	72	0	0	0	0	13	0	0	0	0	0	0	0	0	0	0	60	268	0	0	0	0	0	0	0	0	52	0	0	0	0	0	0	0	0	0	0	0	0	0	0	0	0	0	0	0	0	0	0	11	0	0	0	0	0	0	0	0	0	0	0	21

107	assemblage-689-564	0	0	0	0	0	0	0	0	0	0	0	0	0	293	0	0	29	0	0	0	0	0	0	0	0	0	0	0	0	0	0	0	0	0	0	0	0	0	0	0	0	0	0	0	0	0	125	0	0	0	0	0	0	0	0	0	0	0	21	0	0	0	0	0	0	3	0	0	0	0	0	0	0	0	0	0	5	0	0	14	0	0	0	0	0	10
107	assemblage-266-233	0	0	0	0	4	0	0	0	0	0	0	0	0	366	0	0	0	0	0	0	0	0	0	0	0	0	0	0	7	0	0	0	0	0	0	0	0	0	0	0	0	0	0	0	46	0	0	0	0	4	0	0	0	0	5	0	0	0	42	0	0	0	0	0	0	0	0	0	0	0	0	0	0	0	0	0	0	0	0	0	0	0	0	0	0	26
107	assemblage-254-702	0	0	0	0	0	0	0	0	10	0	0	0	0	0	0	0	0	0	408	0	0	24	0	0	0	11	0	0	0	0	0	0	0	0	0	0	0	0	0	0	0	23	0	0	0	0	0	0	0	0	0	0	0	0	0	0	0	0	0	0	0	0	0	0	0	0	0	2	0	0	0	0	0	0	0	7	0	0	0	0	0	0	0	0	0	15

108	assemblage-689-564	0	0	0	0	0	0	0	0	0	0	0	0	0	293	0	0	29	0	0	0	0	0	0	0	0	0	0	0	0	0	0	0	0	0	0	0	0	0	0	0	0	0	0	0	0	0	125	0	0	0	0	0	0	0	0	0	0	0	21	0	0	0	0	0	0	3	0	0	0	0	0	0	0	0	0	0	5	0	0	14	0	0	0	0	0	10
108	assemblage-266-233	0	0	0	0	4	0	0	0	0	0	0	0	0	366	0	0	0	0	0	0	0	0	0	0	0	0	0	0	7	0	0	0	0	0	0	0	0	0	0	0	0	0	0	0	46	0	0	0	0	4	0	0	0	0	5	0	0	0	42	0	0	0	0	0	0	0	0	0	0	0	0	0	0	0	0	0	0	0	0	0	0	0	0	0	0	26
108	assemblage-816-430	0	0	0	16	0	34	44	0	0	0	0	0	0	0	0	0	0	0	43	0	0	0	0	0	0	0	0	0	0	0	0	0	0	4	0	99	0	0	0	0	0	0	0	0	0	0	0	0	0	52	0	0	0	0	0	0	0	0	191	0	0	0	0	0	0	0	0	0	0	0	0	0	0	0	0	0	0	0	0	0	0	0	0	0	0	17

109	assemblage-689-564	0	0	0	0	0	0	0	0	0	0	0	0	0	293	0	0	29	0	0	0	0	0	0	0	0	0	0	0	0	0	0	0	0	0	0	0	0	0	0	0	0	0	0	0	0	0	125	0	0	0	0	0	0	0	0	0	0	0	21	0	0	0	0	0	0	3	0	0	0	0	0	0	0	0	0	0	5	0	0	14	0	0	0	0	0	10
109	assemblage-266-233	0	0	0	0	4	0	0	0	0	0	0	0	0	366	0	0	0	0	0	0	0	0	0	0	0	0	0	0	7	0	0	0	0	0	0	0	0	0	0	0	0	0	0	0	46	0	0	0	0	4	0	0	0	0	5	0	0	0	42	0	0	0	0	0	0	0	0	0	0	0	0	0	0	0	0	0	0	0	0	0	0	0	0	0	0	26
109	assemblage-760-273	0	14	0	0	0	0	161	0	0	0	0	0	0	5	0	0	0	0	55	0	0	0	0	0	0	0	0	0	0	0	0	0	0	0	0	0	0	0	0	0	0	0	0	0	0	0	0	0	0	0	0	60	0	0	0	0	0	0	0	0	0	11	136	0	0	0	0	0	25	0	0	0	0	0	0	0	0	0	0	0	0	0	0	0	14	19

110	assemblage-689-564	0	0	0	0	0	0	0	0	0	0	0	0	0	293	0	0	29	0	0	0	0	0	0	0	0	0	0	0	0	0	0	0	0	0	0	0	0	0	0	0	0	0	0	0	0	0	125	0	0	0	0	0	0	0	0	0	0	0	21	0	0	0	0	0	0	3	0	0	0	0	0	0	0	0	0	0	5	0	0	14	0	0	0	0	0	10
110	assemblage-266-233	0	0	0	0	4	0	0	0	0	0	0	0	0	366	0	0	0	0	0	0	0	0	0	0	0	0	0	0	7	0	0	0	0	0	0	0	0	0	0	0	0	0	0	0	46	0	0	0	0	4	0	0	0	0	5	0	0	0	42	0	0	0	0	0	0	0	0	0	0	0	0	0	0	0	0	0	0	0	0	0	0	0	0	0	0	26
110	assemblage-920-647	0	0	0	0	0	0	0	0	0	0	0	0	0	0	0	0	0	0	0	0	0	8	0	9	0	0	63	0	0	0	0	0	0	0	0	0	0	173	0	0	0	0	0	0	0	0	0	0	0	0	0	0	0	0	0	0	0	0	0	0	0	0	0	0	0	0	0	0	0	0	0	0	0	0	0	168	0	53	0	0	0	0	10	0	0	16

111	assemblage-689-564	0	0	0	0	0	0	0	0	0	0	0	0	0	293	0	0	29	0	0	0	0	0	0	0	0	0	0	0	0	0	0	0	0	0	0	0	0	0	0	0	0	0	0	0	0	0	125	0	0	0	0	0	0	0	0	0	0	0	21	0	0	0	0	0	0	3	0	0	0	0	0	0	0	0	0	0	5	0	0	14	0	0	0	0	0	10
111	assemblage-266-233	0	0	0	0	4	0	0	0	0	0	0	0	0	366	0	0	0	0	0	0	0	0	0	0	0	0	0	0	7	0	0	0	0	0	0	0	0	0	0	0	0	0	0	0	46	0	0	0	0	4	0	0	0	0	5	0	0	0	42	0	0	0	0	0	0	0	0	0	0	0	0	0	0	0	0	0	0	0	0	0	0	0	0	0	0	26
111	assemblage-423-796	22	0	0	0	0	0	0	0	0	0	0	0	0	0	0	0	0	0	201	229	0	0	35	0	0	0	0	0	0	0	0	0	0	0	0	0	0	0	0	0	0	0	4	0	0	0	0	0	0	0	0	0	0	0	0	0	0	0	0	0	0	0	0	0	0	0	0	0	0	0	0	0	0	0	0	0	0	0	0	0	0	0	0	0	0	9

112	assemblage-689-564	0	0	0	0	0	0	0	0	0	0	0	0	0	293	0	0	29	0	0	0	0	0	0	0	0	0	0	0	0	0	0	0	0	0	0	0	0	0	0	0	0	0	0	0	0	0	125	0	0	0	0	0	0	0	0	0	0	0	21	0	0	0	0	0	0	3	0	0	0	0	0	0	0	0	0	0	5	0	0	14	0	0	0	0	0	10
112	assemblage-266-233	0	0	0	0	4	0	0	0	0	0	0	0	0	366	0	0	0	0	0	0	0	0	0	0	0	0	0	0	7	0	0	0	0	0	0	0	0	0	0	0	0	0	0	0	46	0	0	0	0	4	0	0	0	0	5	0	0	0	42	0	0	0	0	0	0	0	0	0	0	0	0	0	0	0	0	0	0	0	0	0	0	0	0	0	0	26
112	assemblage-129-651	0	0	0	0	0	0	0	0	0	0	0	0	0	0	0	0	0	0	3	0	0	0	0	0	72	0	0	0	0	13	0	0	0	0	0	0	0	0	0	0	60	268	0	0	0	0	0	0	0	0	52	0	0	0	0	0	0	0	0	0	0	0	0	0	0	0	0	0	0	0	0	0	0	11	0	0	0	0	0	0	0	0	0	0	0	21

113	assemblage-689-564	0	0	0	0	0	0	0	0	0	0	0	0	0	293	0	0	29	0	0	0	0	0	0	0	0	0	0	0	0	0	0	0	0	0	0	0	0	0	0	0	0	0	0	0	0	0	125	0	0	0	0	0	0	0	0	0	0	0	21	0	0	0	0	0	0	3	0	0	0	0	0	0	0	0	0	0	5	0	0	14	0	0	0	0	0	10
113	assemblage-266-233	0	0	0	0	4	0	0	0	0	0	0	0	0	366	0	0	0	0	0	0	0	0	0	0	0	0	0	0	7	0	0	0	0	0	0	0	0	0	0	0	0	0	0	0	46	0	0	0	0	4	0	0	0	0	5	0	0	0	42	0	0	0	0	0	0	0	0	0	0	0	0	0	0	0	0	0	0	0	0	0	0	0	0	0	0	26
113	assemblage-708-159	0	0	0	0	0	0	0	0	0	0	0	0	0	0	0	0	0	0	53	0	0	52	0	0	0	0	0	0	0	0	0	0	0	0	0	0	4	0	0	0	0	0	0	0	0	0	0	0	0	0	35	253	0	0	0	0	0	0	0	0	0	0	0	0	0	0	0	0	0	0	0	0	2	0	0	74	0	0	0	0	0	0	0	0	0	27

114	assemblage-689-564	0	0	0	0	0	0	0	0	0	0	0	0	0	293	0	0	29	0	0	0	0	0	0	0	0	0	0	0	0	0	0	0	0	0	0	0	0	0	0	0	0	0	0	0	0	0	125	0	0	0	0	0	0	0	0	0	0	0	21	0	0	0	0	0	0	3	0	0	0	0	0	0	0	0	0	0	5	0	0	14	0	0	0	0	0	10
114	assemblage-639-223	0	0	0	0	0	0	203	0	0	0	0	0	0	0	0	0	0	10	232	0	0	0	0	0	0	0	0	0	0	0	0	5	0	0	0	0	0	0	0	0	0	0	0	0	0	0	0	0	0	0	0	0	0	0	0	0	0	0	0	0	0	3	19	0	0	0	9	0	0	0	0	0	0	0	0	0	0	0	0	0	0	0	0	0	0	19
114	assemblage-254-702	0	0	0	0	0	0	0	0	10	0	0	0	0	0	0	0	0	0	408	0	0	24	0	0	0	11	0	0	0	0	0	0	0	0	0	0	0	0	0	0	0	23	0	0	0	0	0	0	0	0	0	0	0	0	0	0	0	0	0	0	0	0	0	0	0	0	0	2	0	0	0	0	0	0	0	7	0	0	0	0	0	0	0	0	0	15

115	assemblage-689-564	0	0	0	0	0	0	0	0	0	0	0	0	0	293	0	0	29	0	0	0	0	0	0	0	0	0	0	0	0	0	0	0	0	0	0	0	0	0	0	0	0	0	0	0	0	0	125	0	0	0	0	0	0	0	0	0	0	0	21	0	0	0	0	0	0	3	0	0	0	0	0	0	0	0	0	0	5	0	0	14	0	0	0	0	0	10
115	assemblage-639-223	0	0	0	0	0	0	203	0	0	0	0	0	0	0	0	0	0	10	232	0	0	0	0	0	0	0	0	0	0	0	0	5	0	0	0	0	0	0	0	0	0	0	0	0	0	0	0	0	0	0	0	0	0	0	0	0	0	0	0	0	0	3	19	0	0	0	9	0	0	0	0	0	0	0	0	0	0	0	0	0	0	0	0	0	0	19
115	assemblage-920-647	0	0	0	0	0	0	0	0	0	0	0	0	0	0	0	0	0	0	0	0	0	8	0	9	0	0	63	0	0	0	0	0	0	0	0	0	0	173	0	0	0	0	0	0	0	0	0	0	0	0	0	0	0	0	0	0	0	0	0	0	0	0	0	0	0	0	0	0	0	0	0	0	0	0	0	168	0	53	0	0	0	0	10	0	0	16

116	assemblage-689-564	0	0	0	0	0	0	0	0	0	0	0	0	0	293	0	0	29	0	0	0	0	0	0	0	0	0	0	0	0	0	0	0	0	0	0	0	0	0	0	0	0	0	0	0	0	0	125	0	0	0	0	0	0	0	0	0	0	0	21	0	0	0	0	0	0	3	0	0	0	0	0	0	0	0	0	0	5	0	0	14	0	0	0	0	0	10
116	assemblage-639-223	0	0	0	0	0	0	203	0	0	0	0	0	0	0	0	0	0	10	232	0	0	0	0	0	0	0	0	0	0	0	0	5	0	0	0	0	0	0	0	0	0	0	0	0	0	0	0	0	0	0	0	0	0	0	0	0	0	0	0	0	0	3	19	0	0	0	9	0	0	0	0	0	0	0	0	0	0	0	0	0	0	0	0	0	0	19
116	assemblage-423-796	22	0	0	0	0	0	0	0	0	0	0	0	0	0	0	0	0	0	201	229	0	0	35	0	0	0	0	0	0	0	0	0	0	0	0	0	0	0	0	0	0	0	4	0	0	0	0	0	0	0	0	0	0	0	0	0	0	0	0	0	0	0	0	0	0	0	0	0	0	0	0	0	0	0	0	0	0	0	0	0	0	0	0	0	0	9

117	assemblage-689-564	0	0	0	0	0	0	0	0	0	0	0	0	0	293	0	0	29	0	0	0	0	0	0	0	0	0	0	0	0	0	0	0	0	0	0	0	0	0	0	0	0	0	0	0	0	0	125	0	0	0	0	0	0	0	0	0	0	0	21	0	0	0	0	0	0	3	0	0	0	0	0	0	0	0	0	0	5	0	0	14	0	0	0	0	0	10
117	assemblage-639-223	0	0	0	0	0	0	203	0	0	0	0	0	0	0	0	0	0	10	232	0	0	0	0	0	0	0	0	0	0	0	0	5	0	0	0	0	0	0	0	0	0	0	0	0	0	0	0	0	0	0	0	0	0	0	0	0	0	0	0	0	0	3	19	0	0	0	9	0	0	0	0	0	0	0	0	0	0	0	0	0	0	0	0	0	0	19
117	assemblage-129-651	0	0	0	0	0	0	0	0	0	0	0	0	0	0	0	0	0	0	3	0	0	0	0	0	72	0	0	0	0	13	0	0	0	0	0	0	0	0	0	0	60	268	0	0	0	0	0	0	0	0	52	0	0	0	0	0	0	0	0	0	0	0	0	0	0	0	0	0	0	0	0	0	0	11	0	0	0	0	0	0	0	0	0	0	0	21

