Assemblage_Name	9061977-1-1	8294896-8378091-1	227870-1-4229510	4-2492952-1	9181798-3957527-7592136	4-5276383-4669321	7753122-2-431175	9181798-3117198-7592136	9636610-0-3	4-1-9942181	2473746-5276383-4669321	4-7693920-7750398	9623887-1-2060932	9181798-1502609-7592136	4-5877793-4669321	8158736-2-7592136	1-2-9532769	9181798-2-4669321	1-6025387-0	8695831-8378091-1	1448255-2-4669321	3-3-2	0-2-1995998	4-4984435-1	6192733-259050-7592136	4-8378091-1	9623887-1-1	2063955-2-3	7863202-1-1	6889274-1-1	3191128-1-1	4-7151548-7750398	4-2685437-1	6192733-2-7592136	1748456-8378091-1	3948743-1-1	3-3-2147400	9365128-3957527-7592136	7753122-2-4669321	8870343-1-7750398	1-2-0	2777301-1-1	4-1614726-1	9181798-2-2301938	7844269-2-3	0-2-6302437	3966182-7693920-7750398	4651270-3-2794454	5018925-2-4669321	7753122-2-9676178	4-302497-1	4-1648437-1	9181798-5154364-7592136	4-5765550-7750398	4-2-3	3-3-2794454	1679986-2-3	4-1-9142594	4-2849363-1	4-8310257-1	0-2-3258519	8978118-2-7592136	4-2-9334340	0-2-3	9181798-9836127-7592136	9181798-4328863-7592136	1-0-3	4-8112055-4991260	4-1-1	9181798-2-7592136	4-1-658608	4-1-5610076	4-1-3701992	4-1-4229510	1679986-2-6667230	9181798-2-8302053	9181798-9615953-7592136	4-1-9353944	2-4-4	4-2-4669321	4-1-4991260	4-9019547-4669321	4-1-7750398	6268320-8378091-1	9181798-9886437-4669321	9181798-2-9068187
assemblage-163-872	0	0	0	0	0	0	0	0	0	0	0	0	0	0	0	0	0	0	0	0	0	0	0	15	0	0	0	0	0	0	0	0	0	0	0	0	0	0	0	0	0	0	0	0	0	0	114	0	0	0	0	0	0	0	0	0	0	0	0	0	0	0	0	0	0	0	0	0	196	35	0	0	0	0	0	0	0	0	0	0	115	0	3	0	0	22
assemblage-168-849	0	0	0	0	0	0	0	0	0	0	0	0	0	0	0	0	0	0	0	0	0	0	0	0	0	0	0	0	31	0	0	0	0	0	0	0	0	0	23	0	0	0	0	0	0	0	0	0	0	0	0	0	0	0	0	0	0	0	0	0	0	0	0	0	0	0	0	0	83	183	0	0	0	0	0	0	0	0	0	0	0	0	167	0	0	13
assemblage-166-865	0	0	0	0	0	0	0	0	0	0	0	0	0	0	0	0	0	0	0	0	0	0	0	0	0	0	0	0	33	0	0	0	0	0	0	0	0	0	13	0	0	0	0	0	0	0	6	0	0	0	0	0	0	0	0	0	0	0	0	0	0	0	0	0	0	0	0	0	95	189	0	0	0	0	0	0	0	0	0	0	0	0	150	0	0	14
assemblage-145-672	0	0	0	0	0	0	0	0	0	0	0	0	0	0	0	0	0	0	0	0	0	0	0	0	0	0	0	0	0	0	0	0	0	0	0	0	0	0	0	0	0	0	0	0	0	0	0	0	0	0	0	0	0	0	0	0	0	4	0	0	0	0	0	0	0	0	147	0	300	0	0	0	0	0	0	0	0	0	0	11	0	18	0	0	0	20
assemblage-367-778	0	0	0	0	0	14	0	0	0	0	46	0	0	0	0	0	0	100	0	0	0	2	0	0	0	0	0	0	0	0	0	0	0	0	0	0	0	0	0	0	0	0	0	0	0	0	0	0	0	0	0	0	0	0	0	0	0	14	0	0	0	0	0	0	0	0	0	0	138	0	0	0	0	0	0	0	0	0	0	156	0	0	0	0	11	19
assemblage-548-684	0	0	0	0	0	0	0	0	0	0	0	0	0	0	0	0	0	0	0	0	0	188	0	0	0	0	0	0	0	0	0	0	0	0	0	0	95	0	0	0	0	0	0	0	0	0	0	4	0	0	0	0	0	0	0	74	0	0	0	0	6	0	0	117	0	0	0	0	0	0	0	0	0	0	0	0	0	0	0	0	0	0	0	0	0	16
assemblage-717-587	0	0	0	0	0	0	0	0	0	0	0	0	0	0	0	0	0	0	0	0	0	0	0	0	0	0	0	0	0	0	0	0	0	0	0	0	0	0	0	11	0	0	8	0	0	0	10	0	0	0	0	0	0	10	0	0	0	0	27	0	0	0	0	0	0	0	0	0	177	26	0	0	9	0	0	0	0	0	0	0	0	0	211	0	0	11
assemblage-723-587	0	0	0	0	0	0	0	0	0	0	0	0	0	58	0	0	0	0	0	0	0	0	0	0	18	0	0	0	0	0	0	0	0	61	0	0	0	0	0	0	0	0	0	0	0	0	0	0	0	0	0	0	0	0	0	0	0	0	0	0	0	0	0	0	0	0	0	0	145	146	0	0	0	0	0	0	33	0	0	0	0	0	19	0	0	20
assemblage-718-554	0	0	0	0	0	0	0	0	0	0	0	0	0	0	0	0	0	0	0	0	0	0	0	0	0	0	0	0	0	0	0	0	0	0	0	0	0	0	0	4	0	0	6	0	0	0	2	0	0	0	0	0	0	9	0	0	0	0	35	0	0	0	0	0	0	0	0	0	181	25	0	0	10	0	0	0	0	0	0	0	0	0	208	0	0	20
assemblage-601-349	0	0	0	0	0	0	0	0	0	0	0	0	0	0	0	0	0	0	0	0	0	0	0	0	0	0	0	0	0	0	0	0	10	0	0	0	0	0	54	0	0	0	0	0	0	0	19	0	0	24	0	0	0	0	0	0	0	0	0	0	0	0	0	0	4	0	0	0	295	51	0	0	0	0	0	0	0	0	0	0	0	0	26	0	0	17
assemblage-708-567	0	0	0	0	0	0	0	0	0	0	0	0	0	13	0	0	0	0	0	0	0	0	0	0	0	0	0	0	0	0	0	0	0	0	0	0	0	0	0	0	0	0	0	0	0	0	0	0	0	0	0	0	12	0	0	0	0	0	0	0	0	0	0	0	0	0	0	0	139	293	0	0	0	0	0	0	0	0	0	0	0	0	16	0	0	27
assemblage-784-282	0	0	0	0	0	0	0	0	0	18	0	0	0	0	0	0	0	83	0	0	0	0	0	0	0	11	0	0	0	0	0	0	0	0	0	0	0	0	0	0	0	0	0	0	0	0	0	0	0	0	0	11	0	0	11	0	0	0	0	0	0	0	0	25	0	0	0	0	311	0	0	0	0	0	0	0	0	0	0	0	0	0	8	0	0	22
assemblage-273-243	0	0	0	0	0	0	0	0	0	0	0	0	0	0	0	0	0	0	0	0	0	0	0	0	0	0	0	0	27	0	0	0	0	0	0	0	0	0	14	0	0	0	0	0	0	0	5	0	0	0	0	0	0	0	0	0	0	0	0	0	0	0	0	0	0	0	0	0	88	208	0	0	0	0	0	0	0	0	0	0	0	0	145	0	0	13
assemblage-320-495	0	0	0	0	0	0	0	0	0	0	0	0	0	0	0	0	0	0	0	0	0	0	0	13	0	0	0	0	0	0	0	0	0	0	0	0	0	0	0	0	0	0	0	0	0	0	139	0	0	0	0	0	0	0	0	0	0	0	0	0	0	0	0	0	0	0	0	0	193	35	0	0	0	0	0	0	0	0	0	0	91	0	3	0	0	26
assemblage-271-260	0	0	0	0	0	0	0	0	0	0	0	0	0	0	0	0	0	0	0	0	0	0	0	0	0	0	0	0	0	0	0	0	3	0	0	0	0	0	50	0	0	0	0	0	0	0	23	0	0	32	0	0	0	0	0	0	0	0	0	0	0	0	0	0	0	0	0	0	277	51	0	0	0	0	0	0	0	0	0	0	0	0	30	0	0	34
assemblage-328-500	0	0	0	0	0	0	0	0	0	0	0	0	0	0	0	0	0	0	0	0	0	0	0	17	0	0	0	0	0	0	0	0	0	0	0	0	0	0	0	0	0	0	0	0	0	0	124	0	0	0	0	0	0	0	0	0	0	0	0	0	0	0	0	0	0	0	0	0	199	32	0	0	0	0	0	0	0	0	0	0	104	0	0	0	0	24
assemblage-403-269	0	0	0	0	0	0	0	0	0	0	0	0	0	0	0	0	0	0	0	0	0	0	0	0	0	0	0	0	0	0	0	0	0	0	0	0	0	0	0	7	0	0	12	0	0	0	0	0	0	0	0	0	0	8	0	0	0	0	26	0	0	0	0	0	0	0	0	0	176	38	0	0	9	0	0	0	0	0	0	0	0	0	200	0	0	24
assemblage-398-243	0	0	0	0	0	0	0	0	0	0	0	0	0	0	0	0	0	0	0	0	0	0	0	0	0	0	0	0	0	0	0	0	0	0	0	0	0	0	0	0	0	0	0	0	0	0	0	0	0	0	0	0	0	0	0	0	0	0	0	0	0	18	0	0	0	0	0	0	74	383	0	0	0	0	0	0	0	0	0	0	0	0	12	0	0	13
assemblage-927-638	0	0	0	0	0	0	0	0	0	0	0	0	0	0	0	0	0	0	0	0	0	0	0	0	0	0	0	0	0	0	0	0	0	0	0	0	0	0	0	0	184	0	0	0	0	20	0	0	0	0	0	0	0	0	0	0	0	0	0	0	0	0	0	280	0	0	0	0	0	0	0	0	0	0	0	0	0	0	0	0	0	0	0	0	0	16
assemblage-756-716	0	0	0	0	0	0	20	0	0	0	0	0	4	0	0	0	0	6	0	0	0	0	0	0	0	47	0	0	0	0	0	0	0	0	0	0	0	0	274	0	0	0	0	0	0	0	0	0	0	0	0	0	0	0	0	0	0	0	0	0	0	0	0	52	0	0	0	0	76	0	0	0	0	0	0	0	0	0	0	0	0	0	0	0	0	21
assemblage-904-761	0	0	0	0	0	0	11	0	0	0	0	0	10	0	0	0	0	8	0	0	0	0	0	0	0	62	0	0	0	0	0	0	0	0	0	0	0	0	253	0	0	0	0	0	0	0	0	0	0	0	0	0	0	0	0	0	0	0	0	0	0	0	0	48	0	0	0	0	79	0	0	0	0	0	0	0	0	0	0	0	0	0	0	0	0	29
assemblage-916-740	0	0	0	0	0	0	0	0	0	0	0	0	0	0	0	0	0	0	0	0	0	0	0	0	0	0	0	0	0	0	0	0	0	0	0	0	0	0	0	0	0	0	0	0	0	0	0	0	0	0	0	0	0	0	0	0	0	0	0	0	0	25	0	0	0	0	0	0	66	373	0	0	0	0	0	0	0	0	0	0	0	0	15	0	0	21
assemblage-954-637	0	0	0	0	0	0	0	0	0	0	0	0	0	0	0	0	0	0	0	0	0	0	0	0	0	0	0	0	0	0	0	0	0	0	0	0	0	0	0	0	195	0	0	0	0	16	0	0	0	0	0	0	0	0	0	0	0	0	0	0	0	0	0	269	0	0	0	0	0	0	0	0	0	0	0	0	0	0	4	0	0	0	0	0	0	16
assemblage-924-643	0	0	0	0	0	0	0	0	0	0	0	0	0	0	0	0	0	0	5	0	0	0	0	0	0	0	0	0	0	0	0	0	0	0	0	0	0	0	0	0	195	0	0	0	0	23	0	0	0	0	0	0	0	0	0	0	0	0	0	0	0	0	0	253	0	0	0	0	0	0	0	0	0	0	0	0	0	0	0	0	0	0	0	0	0	24
