Assemblage_Name	1-4233416-7871181	3267617-649102-4	1931568-2015322-3	1-2-6507380	4372842-649102-4	1-8209901-3	1-8209901-4692963	4254239-3446112-379296	2692466-649102-8392571	4-1-7533071	5471467-5898198-4	1-2015322-3	4203937-8209901-569997	1-2-6690749	1-9533653-3	4-4029798-0	1-7867645-3	1-9199616-379296	4722404-6815949-8392571	1-2-3813755	8255766-2-4137475	353567-649102-4	4372842-6815949-456096	1-3803461-3	4-1001741-0	1-8111880-4137475	3-3786598-4	1-2-5274194	5665240-7708500-0	1-2-995438	0-0-3	4372842-649102-6865360	1-8209901-569997	8742330-2-4137475	3-6941906-4	2719803-649102-4	1-4233416-379296	7694450-649102-1102044	1-9724170-3	1-2-3	2-2170945-4	4372842-6815949-8392571	1-2-4711824	4-3-2	1-2-2187622	7687315-2-3	8303855-1001741-0	1-5885690-3	1-2-8653104	3-4028421-4	1-2394360-3	6313474-2-4137475	8694257-5930184-4	1-2-4137475	2-2-0	2-2-4	1-2-3658460	3-649102-4	1-2-3483944	1-2-4222210	1-1063578-3	1-9942953-3	1-2-5178711	4372842-649102-8392571	4372842-649102-8674392	1-5959677-3	4372842-649102-2609426	3-4-4	1-2-6997427	3-649102-663161	4254239-4233416-379296	2-7708500-0	1-0-1	1-6221156-4137475	1-2015322-5814585	1-2015322-5397299	1-5251638-3	1-8209901-9220022	1-7526041-4137475	4-1-2	4372842-9183678-8392571	1-477658-3	5471467-649102-4	1-4288094-379296	7025097-649102-1102044	1-5171626-4137475	4372842-649102-1102044	1-4130314-3	3-649102-5625530	4372842-8177248-8392571	3-649102-3822825	1-2-966242	1-9746007-4137475	4372842-5930184-4	4372842-7609748-8392571	1-2-164725
assemblage-358-771	0	0	0	0	0	0	0	0	0	0	1	0	0	0	0	0	0	0	0	0	0	0	0	0	0	0	0	0	0	0	0	0	0	0	0	0	0	0	0	359	0	0	0	0	0	0	0	0	0	0	0	0	0	0	0	0	0	52	0	0	0	0	0	0	0	0	0	0	0	0	0	0	0	0	0	0	0	0	0	0	0	0	14	0	0	0	0	55	0	0	0	0	0	0	0	19
assemblage-250-701	0	0	0	0	346	0	0	0	0	0	0	0	0	0	0	0	0	0	0	0	0	36	0	0	29	0	0	0	0	0	0	0	0	0	0	0	0	0	0	17	0	0	0	0	0	0	0	0	0	0	0	0	0	0	0	0	0	17	0	0	0	0	0	0	0	0	0	0	0	0	0	0	0	0	0	0	0	0	0	0	0	0	17	0	0	0	0	0	0	0	0	0	0	21	0	17
assemblage-403-789	0	0	0	0	0	0	0	0	0	0	0	0	0	0	0	0	0	0	0	0	0	0	0	0	0	0	0	0	0	0	0	0	0	0	0	0	0	0	0	332	0	0	0	0	0	6	0	0	0	0	0	0	0	0	28	0	0	0	0	0	0	0	0	0	0	0	0	0	0	0	0	116	0	0	0	0	0	0	0	0	0	0	0	0	0	0	0	0	0	0	0	0	0	0	0	18
assemblage-163-872	0	0	0	0	0	0	0	0	0	0	0	58	0	9	0	0	0	0	0	0	0	0	0	37	0	0	0	0	0	0	0	0	0	0	0	0	0	0	30	34	0	0	0	0	0	0	0	0	0	0	0	0	0	302	0	0	0	0	0	0	0	0	0	9	0	0	0	0	0	0	0	0	0	0	0	0	0	0	0	0	0	0	0	0	0	0	0	0	0	0	0	0	0	0	0	21
assemblage-451-937	0	0	0	0	0	0	0	0	0	0	0	0	0	0	0	0	0	42	0	0	0	0	0	0	0	0	0	0	0	0	0	0	0	0	22	0	10	0	0	242	0	0	0	0	0	0	0	0	0	0	0	9	0	91	0	0	0	6	0	0	0	0	0	35	0	0	0	0	3	21	0	0	0	0	0	0	0	0	0	0	0	0	0	0	0	0	0	0	0	0	0	0	0	0	0	19
assemblage-403-803	0	0	0	0	0	0	0	0	0	0	0	0	0	0	0	0	0	0	0	0	0	0	0	0	0	0	0	0	0	0	0	0	0	0	0	0	0	0	0	361	0	0	0	0	0	8	0	0	0	0	0	0	0	0	17	0	0	0	0	0	0	0	0	0	0	0	0	0	0	0	0	100	0	0	0	0	0	0	0	0	0	0	0	0	0	0	0	0	0	0	0	0	0	0	0	14
assemblage-799-159	0	0	0	0	0	0	0	0	0	0	0	0	0	0	0	0	0	0	0	0	0	0	0	0	0	0	0	47	0	0	0	0	0	0	0	0	0	0	0	359	0	0	0	0	0	0	0	0	0	0	0	0	0	0	0	0	26	10	0	11	0	0	0	0	0	0	0	0	0	0	0	0	0	0	0	0	0	0	0	0	0	0	0	0	0	0	0	11	0	0	0	0	0	12	0	24
assemblage-856-486	0	0	0	0	0	0	0	0	0	0	0	0	0	0	0	0	0	0	0	0	0	0	0	0	0	0	0	0	0	0	0	0	0	0	0	0	0	28	0	33	0	0	0	0	0	0	0	0	0	0	0	0	0	104	0	0	0	0	32	0	0	0	0	0	0	0	0	0	0	0	0	0	0	0	0	0	0	0	0	0	0	0	0	0	0	0	278	0	0	0	0	0	0	0	0	25
assemblage-799-430	0	0	27	0	0	0	0	0	0	0	0	211	0	0	0	0	0	0	0	0	0	0	0	0	0	0	0	0	0	0	0	0	0	0	0	0	40	0	0	143	0	0	0	0	0	0	0	0	0	0	0	0	0	0	0	0	26	33	0	0	0	0	0	10	0	0	0	0	0	0	0	0	0	0	0	0	0	0	0	0	0	0	0	0	0	0	0	0	0	0	0	0	0	0	0	10
assemblage-797-172	0	18	0	0	0	0	0	0	0	0	0	0	0	0	0	0	0	0	0	0	0	0	0	0	0	0	0	0	0	0	0	0	0	0	0	5	0	0	0	37	0	6	0	0	0	0	0	0	0	0	0	0	0	0	0	0	0	396	0	0	0	0	0	8	0	0	0	0	0	0	0	0	0	0	0	0	0	0	0	0	0	0	0	0	0	0	0	9	0	0	4	0	0	0	0	17
assemblage-796-272	0	11	0	0	0	0	0	0	0	0	0	0	0	0	0	0	0	0	0	0	0	0	0	0	0	0	0	0	0	0	0	0	0	0	0	4	0	0	0	52	0	0	0	0	0	0	0	0	0	0	0	0	0	0	0	0	0	389	0	0	0	0	0	7	0	0	0	0	0	0	0	0	0	0	0	0	0	0	0	0	0	0	0	0	0	0	0	0	0	0	9	0	0	0	0	28
assemblage-637-212	0	0	0	0	4	0	0	0	0	0	0	0	0	0	0	0	0	0	0	0	0	0	4	0	0	0	0	0	0	0	0	0	0	0	0	0	0	0	0	137	0	15	0	0	0	0	0	0	0	0	0	0	19	0	0	0	0	86	0	0	0	0	0	196	0	0	0	0	0	0	0	0	0	0	0	0	0	0	0	0	0	8	0	0	0	0	0	8	0	0	0	0	0	0	1	22
assemblage-398-243	0	0	0	0	0	85	13	0	0	0	0	0	0	0	0	0	0	0	0	3	0	0	0	0	0	0	0	0	0	0	0	0	27	0	0	0	0	0	0	45	0	0	6	0	0	0	0	0	0	0	0	0	0	113	0	0	0	0	0	0	0	0	0	0	0	0	0	0	0	0	0	0	0	0	0	0	0	149	0	0	0	0	0	0	0	0	39	0	0	0	0	0	10	0	0	10
assemblage-573-373	0	0	0	0	0	153	0	0	0	0	0	238	0	0	0	0	0	0	0	0	0	0	0	0	0	0	0	0	0	0	0	0	0	0	0	0	0	0	0	31	0	0	0	0	0	0	0	6	0	0	0	0	0	23	0	0	0	0	0	0	0	0	0	0	0	0	0	0	0	0	0	0	0	0	19	0	0	0	0	0	0	0	0	0	0	0	0	0	0	0	0	0	0	0	0	30
assemblage-314-483	0	0	0	0	0	152	0	0	0	0	0	241	0	0	0	0	0	0	0	0	0	0	0	0	0	0	0	0	0	0	0	0	0	0	0	0	0	0	0	29	0	0	0	0	0	0	0	5	0	0	0	0	0	29	0	0	0	0	0	0	0	0	0	0	0	0	0	0	0	0	0	0	0	0	12	0	0	0	0	0	0	0	0	0	0	0	0	0	0	0	0	0	0	0	0	32
assemblage-403-242	0	0	0	0	0	68	7	0	0	0	0	0	0	0	0	0	0	0	0	0	0	0	0	0	0	0	0	0	0	0	0	0	53	0	0	0	0	0	0	36	0	0	7	0	0	0	0	0	0	0	0	0	0	103	0	0	0	0	0	0	0	0	0	0	0	0	0	0	0	0	0	0	0	0	0	0	0	156	0	0	0	0	0	0	0	0	35	0	0	0	0	0	16	0	0	19
assemblage-307-494	0	0	0	0	0	0	0	0	0	0	0	48	0	15	0	0	0	0	0	0	0	0	0	54	0	0	0	0	0	0	0	0	0	0	0	0	0	0	28	25	0	0	0	0	0	0	0	0	0	0	0	0	0	298	0	0	0	0	0	0	0	0	0	7	0	0	0	0	0	0	0	0	0	0	0	0	0	0	0	0	0	0	0	0	0	0	0	0	0	0	0	0	0	0	0	25
assemblage-403-277	0	0	0	0	0	0	0	0	0	0	0	0	0	0	0	0	0	0	0	0	0	0	0	0	0	0	0	0	0	0	0	0	0	0	0	0	0	0	0	0	0	0	0	0	0	0	0	0	0	0	0	0	0	172	0	0	0	0	0	0	0	0	17	0	0	0	0	0	0	0	0	0	0	0	0	0	0	8	0	0	0	0	0	0	3	0	283	0	0	0	0	0	0	0	0	17
assemblage-927-718	0	0	0	0	0	9	0	0	0	0	0	0	0	0	0	0	0	0	0	0	0	0	0	0	0	11	0	0	0	0	0	0	0	0	0	0	0	0	0	0	0	0	0	0	0	0	0	0	0	0	0	0	0	443	0	0	0	0	0	0	0	0	0	0	0	0	10	0	0	0	0	0	0	3	0	0	0	0	0	0	0	0	0	0	0	0	12	0	0	0	0	0	0	0	0	12
assemblage-935-640	0	0	0	0	0	0	0	0	0	0	0	0	0	0	0	0	0	0	0	0	0	0	0	0	243	0	0	0	0	0	0	0	0	0	0	0	0	0	0	0	0	0	0	0	0	0	0	0	0	0	0	0	0	0	0	0	0	0	0	0	0	0	0	0	0	0	0	0	0	0	0	0	0	0	0	0	0	0	0	242	0	0	0	0	0	0	0	0	0	0	0	0	0	0	0	15
assemblage-936-746	0	0	0	0	0	0	0	0	0	0	0	0	0	0	0	0	0	0	0	0	0	0	0	0	0	14	0	0	0	0	0	0	0	0	0	0	0	0	0	0	0	0	0	0	0	0	0	0	0	0	0	0	0	438	0	0	0	0	0	0	0	0	0	0	0	0	6	0	0	0	0	0	0	0	0	0	0	0	0	0	0	0	0	0	0	0	12	0	0	0	0	0	0	0	0	30
assemblage-896-762	0	0	0	0	0	0	0	0	0	0	0	18	0	0	0	0	0	0	0	0	0	0	0	0	0	0	0	0	0	0	0	0	0	0	0	0	0	0	0	154	0	0	0	0	0	0	0	0	0	0	0	0	0	0	0	0	0	7	0	0	0	0	0	238	0	10	0	0	0	0	0	0	0	0	0	0	55	0	0	0	0	0	0	0	0	0	0	0	0	0	0	0	0	0	0	18
assemblage-915-772	0	0	38	0	0	0	0	0	0	0	0	209	0	0	5	0	0	0	0	0	0	0	0	0	0	0	0	0	0	0	0	0	0	0	0	0	36	0	0	132	0	0	0	0	0	0	0	0	0	0	0	0	0	0	0	0	29	31	0	0	0	0	0	10	0	0	0	0	0	0	0	0	0	0	0	0	0	0	0	0	0	0	0	0	0	0	0	0	0	0	0	0	0	0	0	10
assemblage-927-638	0	0	0	0	0	0	0	0	0	0	0	0	0	0	0	0	0	0	0	0	0	0	0	0	269	0	0	0	0	0	0	0	0	0	0	0	0	0	0	0	0	0	0	0	0	0	9	0	0	0	0	0	0	0	0	0	0	0	0	0	0	0	0	0	0	0	0	0	0	0	0	0	0	0	0	0	0	0	0	209	0	0	0	0	0	0	0	0	0	0	0	0	0	0	0	13
