Assemblage_Name	1-4233416-7871181	3267617-649102-4	1931568-2015322-3	1-2-6507380	4372842-649102-4	1-8209901-3	1-8209901-4692963	4254239-3446112-379296	2692466-649102-8392571	4-1-7533071	5471467-5898198-4	1-2015322-3	4203937-8209901-569997	1-2-6690749	1-9533653-3	4-4029798-0	1-7867645-3	1-9199616-379296	4722404-6815949-8392571	1-2-3813755	8255766-2-4137475	353567-649102-4	4372842-6815949-456096	1-3803461-3	4-1001741-0	1-8111880-4137475	3-3786598-4	1-2-5274194	5665240-7708500-0	1-2-995438	0-0-3	4372842-649102-6865360	1-8209901-569997	8742330-2-4137475	3-6941906-4	2719803-649102-4	1-4233416-379296	7694450-649102-1102044	1-9724170-3	1-2-3	2-2170945-4	4372842-6815949-8392571	1-2-4711824	4-3-2	1-2-2187622	7687315-2-3	8303855-1001741-0	1-5885690-3	1-2-8653104	3-4028421-4	1-2394360-3	6313474-2-4137475	8694257-5930184-4	1-2-4137475	2-2-0	2-2-4	1-2-3658460	3-649102-4	1-2-3483944	1-2-4222210	1-1063578-3	1-9942953-3	1-2-5178711	4372842-649102-8392571	4372842-649102-8674392	1-5959677-3	4372842-649102-2609426	3-4-4	1-2-6997427	3-649102-663161	4254239-4233416-379296	2-7708500-0	1-0-1	1-6221156-4137475	1-2015322-5814585	1-2015322-5397299	1-5251638-3	1-8209901-9220022	1-7526041-4137475	4-1-2	4372842-9183678-8392571	1-477658-3	5471467-649102-4	1-4288094-379296	7025097-649102-1102044	1-5171626-4137475	4372842-649102-1102044	1-4130314-3	3-649102-5625530	4372842-8177248-8392571	3-649102-3822825	1-2-966242	1-9746007-4137475	4372842-5930184-4	4372842-7609748-8392571	1-2-164725
assemblage-403-819	0	0	0	0	0	0	0	0	0	0	0	0	0	0	0	0	0	0	0	0	0	0	0	0	0	0	0	0	0	0	0	0	0	0	0	0	0	0	0	346	0	0	0	0	0	12	0	0	0	0	0	0	0	0	13	0	0	0	0	0	0	0	0	0	0	0	0	0	0	0	0	110	0	0	0	0	0	0	0	0	0	0	0	0	0	0	0	0	0	0	0	0	0	0	0	19
assemblage-460-928	0	0	24	0	0	0	0	0	0	0	0	195	0	0	11	0	0	0	0	0	0	0	0	0	0	0	0	0	0	0	0	0	0	0	0	0	45	0	0	153	0	0	0	0	0	0	0	0	0	0	0	0	0	0	0	0	21	26	0	0	0	0	0	9	0	0	0	0	0	0	0	0	0	0	0	0	0	0	0	0	0	0	0	0	0	0	0	0	0	0	0	0	0	0	0	16
assemblage-262-713	0	0	0	0	0	0	0	0	0	0	0	0	0	0	0	0	0	0	0	0	0	0	0	0	13	0	0	0	0	0	9	0	0	0	0	0	0	0	0	318	0	0	0	0	0	0	0	0	92	0	0	0	0	0	0	0	0	54	0	0	0	0	0	0	0	0	0	0	0	0	0	0	0	0	0	0	0	0	0	0	0	0	0	0	0	0	0	0	0	0	0	0	0	0	0	14
assemblage-457-924	0	0	27	0	0	0	0	0	0	0	0	191	0	0	5	0	0	0	0	0	0	0	0	0	0	0	0	0	0	0	0	0	0	0	0	0	51	0	0	155	0	0	0	0	0	0	0	0	0	0	0	0	0	0	0	0	31	27	0	0	0	0	0	5	0	0	0	0	0	0	0	0	0	0	0	0	0	0	0	0	0	0	0	0	0	0	0	0	0	0	0	0	0	0	0	8
assemblage-552-648	0	0	0	0	20	0	0	0	0	0	0	0	0	0	0	0	0	0	0	0	0	0	0	0	23	0	0	0	0	0	0	0	0	0	0	0	0	0	0	0	0	0	0	0	0	0	0	0	0	6	0	0	0	0	0	0	0	116	0	0	0	0	0	0	0	0	0	205	0	0	0	0	32	0	0	0	0	0	0	20	0	0	64	0	0	0	0	0	0	0	0	0	0	0	0	14
assemblage-542-670	0	0	0	0	16	0	0	0	0	0	0	0	0	0	0	0	0	0	0	0	0	0	0	0	16	0	0	0	0	0	0	0	0	0	0	0	0	0	0	0	0	0	0	0	0	0	0	0	0	22	0	0	0	0	0	0	0	131	0	0	0	0	0	0	0	0	0	186	0	0	0	0	25	0	0	0	0	0	0	15	0	0	68	0	0	0	0	0	0	0	0	0	0	0	0	21
assemblage-714-557	0	0	0	0	0	2	0	0	0	0	0	0	0	0	0	0	0	0	0	0	0	0	0	0	0	13	0	0	0	0	0	0	0	0	0	0	0	0	0	0	0	0	0	0	0	0	0	0	0	0	0	0	0	446	0	0	0	0	0	0	0	0	0	0	0	0	10	0	0	0	0	0	0	0	0	0	0	0	0	0	0	0	0	0	0	0	4	0	0	0	0	0	0	0	0	25
assemblage-780-440	0	0	0	0	0	0	0	0	0	0	0	0	0	0	0	0	0	43	0	0	0	0	0	0	0	0	0	0	0	0	0	0	0	0	18	0	15	0	0	244	0	0	0	0	0	0	0	0	0	0	0	5	0	87	0	0	0	21	0	0	0	0	0	22	0	0	0	0	2	24	0	0	0	0	0	0	0	0	0	0	0	0	0	0	0	0	0	0	0	0	0	0	0	0	0	19
assemblage-792-259	10	0	0	0	0	0	0	29	0	0	0	0	0	0	0	0	0	0	0	0	0	0	0	0	0	0	0	0	0	0	0	0	0	0	0	0	257	0	0	145	0	0	0	0	0	0	0	0	0	0	0	0	0	0	0	0	0	24	0	0	0	0	0	0	0	0	0	0	0	0	11	0	0	0	0	0	0	0	0	0	0	0	0	0	0	0	0	0	0	0	0	0	0	0	0	24
assemblage-689-564	0	0	0	0	0	11	0	0	0	0	0	0	0	0	0	0	0	0	0	0	0	0	0	0	0	9	0	0	0	0	0	0	0	0	0	0	0	0	0	0	0	0	0	0	0	0	0	0	0	0	0	0	0	435	0	0	0	0	0	0	0	0	0	0	0	0	0	0	0	0	0	0	0	0	0	0	0	0	0	0	0	0	0	0	0	0	13	0	0	0	0	0	0	0	0	32
assemblage-738-152	0	0	0	0	57	0	0	0	0	0	0	0	0	0	0	7	0	0	0	0	0	0	0	0	0	0	6	0	0	0	0	0	0	0	0	0	0	0	0	27	0	0	0	0	0	0	0	0	0	0	0	0	0	0	0	0	0	276	0	0	0	0	0	0	0	0	0	0	0	0	0	0	0	0	0	0	0	0	0	0	0	0	24	0	0	0	0	0	0	0	96	0	0	0	0	7
assemblage-860-467	0	0	0	0	0	0	0	0	0	0	0	0	0	0	0	0	0	0	0	0	0	0	0	0	0	0	0	0	0	0	0	0	0	0	0	0	0	0	0	5	0	0	0	0	0	0	0	0	0	0	0	0	0	199	0	0	0	0	0	0	0	0	15	0	0	0	0	0	0	0	0	0	0	0	0	0	0	12	0	0	0	0	0	0	7	0	253	0	0	0	0	0	0	0	0	9
assemblage-589-358	0	0	22	0	0	0	0	0	0	0	0	46	0	0	0	0	0	0	0	0	0	0	0	10	0	0	0	0	0	0	0	0	0	0	0	0	0	0	0	342	0	0	0	0	0	0	0	0	0	0	0	0	0	56	0	0	0	0	0	0	0	0	0	0	0	0	0	0	0	0	0	0	0	0	0	0	0	0	0	0	0	0	0	0	0	0	0	0	0	0	0	0	0	0	0	24
assemblage-328-500	0	0	0	0	0	0	0	0	0	0	0	67	0	7	0	0	0	0	0	0	0	0	0	41	0	0	0	0	0	0	0	0	0	0	0	0	0	0	45	27	0	0	0	0	0	0	0	0	0	0	0	0	0	287	0	0	0	0	0	0	0	0	0	4	0	0	0	0	0	0	0	0	0	0	0	0	0	0	0	0	0	0	0	0	0	0	0	0	0	0	0	0	0	0	0	22
assemblage-590-352	0	0	20	0	0	10	0	0	0	0	0	40	0	0	0	0	0	0	0	0	0	0	0	9	0	0	0	0	0	0	0	0	0	0	0	0	0	0	0	343	0	0	0	0	0	0	0	0	0	0	0	0	0	44	0	0	0	0	0	0	0	0	0	0	8	0	0	0	0	0	0	0	0	0	0	0	0	0	0	0	0	0	0	0	0	0	0	0	0	0	0	0	0	0	0	26
assemblage-403-242	0	0	0	0	0	68	7	0	0	0	0	0	0	0	0	0	0	0	0	0	0	0	0	0	0	0	0	0	0	0	0	0	53	0	0	0	0	0	0	36	0	0	7	0	0	0	0	0	0	0	0	0	0	103	0	0	0	0	0	0	0	0	0	0	0	0	0	0	0	0	0	0	0	0	0	0	0	156	0	0	0	0	0	0	0	0	35	0	0	0	0	0	16	0	0	19
assemblage-599-374	0	0	0	0	0	0	0	0	0	0	0	44	0	6	0	0	0	0	0	0	0	0	0	52	0	0	0	0	0	0	0	0	0	0	0	0	0	0	40	23	0	0	0	0	0	0	0	0	0	0	0	0	0	318	0	0	0	0	0	0	0	0	0	1	0	0	0	0	0	0	0	0	0	0	0	0	0	0	0	0	0	0	0	0	0	0	0	0	0	0	0	0	0	0	0	16
assemblage-277-245	0	0	0	0	0	11	0	0	0	0	0	28	0	0	0	0	0	0	0	0	0	0	0	0	0	0	0	0	0	0	0	0	0	0	0	0	0	0	0	15	0	0	0	0	0	0	0	0	0	0	0	0	0	226	0	0	0	0	0	0	0	0	0	0	31	0	0	0	0	0	0	0	0	0	0	0	4	0	0	0	0	0	0	0	0	0	158	0	0	0	0	0	0	0	0	27
assemblage-936-746	0	0	0	0	0	0	0	0	0	0	0	0	0	0	0	0	0	0	0	0	0	0	0	0	0	14	0	0	0	0	0	0	0	0	0	0	0	0	0	0	0	0	0	0	0	0	0	0	0	0	0	0	0	438	0	0	0	0	0	0	0	0	0	0	0	0	6	0	0	0	0	0	0	0	0	0	0	0	0	0	0	0	0	0	0	0	12	0	0	0	0	0	0	0	0	30
assemblage-773-697	0	0	0	0	0	0	0	0	0	0	0	0	0	0	0	0	0	51	0	0	0	0	0	0	0	0	0	0	0	0	0	0	0	0	19	0	5	0	0	244	0	0	0	0	0	0	0	0	0	0	0	16	0	73	0	0	0	17	0	0	0	0	0	26	0	0	0	0	0	25	0	0	0	0	0	0	0	0	0	0	0	0	0	0	0	0	0	0	0	0	0	0	0	0	0	24
assemblage-934-638	0	0	0	0	0	0	0	0	0	0	0	0	0	0	0	0	0	0	0	0	0	0	0	0	259	0	0	0	0	0	0	0	0	0	0	0	0	0	0	0	0	0	0	0	0	0	4	0	0	0	0	0	0	0	0	0	0	0	0	0	0	0	0	0	0	0	0	3	0	0	0	0	0	0	0	0	0	0	0	220	0	0	0	0	0	0	0	0	0	0	0	0	0	0	0	14
assemblage-930-730	0	0	0	0	0	0	0	0	0	0	0	0	0	0	0	0	0	0	0	0	0	0	0	0	0	0	0	0	0	0	0	8	0	0	0	0	0	23	0	31	0	0	0	0	0	0	0	0	0	0	0	0	0	91	0	0	0	0	35	0	0	0	0	0	0	0	0	0	0	0	0	0	0	0	0	0	0	0	0	0	0	0	0	0	0	0	285	0	0	0	0	0	0	0	0	27
assemblage-781-690	0	0	0	0	0	0	0	0	0	0	0	12	0	0	0	0	0	0	0	0	0	0	0	0	0	0	0	0	0	0	0	0	0	0	0	0	4	0	0	143	0	0	0	0	0	0	0	0	0	0	0	0	0	0	0	0	0	0	0	0	0	0	0	258	0	8	0	0	0	0	0	0	0	0	0	0	49	0	0	0	0	0	0	0	0	0	0	0	0	0	0	0	0	0	0	26
assemblage-909-763	0	0	0	0	0	0	0	0	0	0	0	24	0	0	0	0	0	0	0	0	0	0	0	0	0	0	0	0	0	0	0	0	0	0	0	0	4	0	0	133	0	0	0	0	0	0	0	0	0	0	0	0	0	0	0	0	0	9	0	0	0	0	0	247	0	8	0	0	0	0	0	0	0	0	0	0	51	0	0	0	0	0	0	0	0	0	0	0	0	0	0	0	0	0	0	24
