Assemblage_Name	9061977-1-1	8294896-8378091-1	227870-1-4229510	4-2492952-1	9181798-3957527-7592136	4-5276383-4669321	7753122-2-431175	9181798-3117198-7592136	9636610-0-3	4-1-9942181	2473746-5276383-4669321	4-7693920-7750398	9623887-1-2060932	9181798-1502609-7592136	4-5877793-4669321	8158736-2-7592136	1-2-9532769	9181798-2-4669321	1-6025387-0	8695831-8378091-1	1448255-2-4669321	3-3-2	0-2-1995998	4-4984435-1	6192733-259050-7592136	4-8378091-1	9623887-1-1	2063955-2-3	7863202-1-1	6889274-1-1	3191128-1-1	4-7151548-7750398	4-2685437-1	6192733-2-7592136	1748456-8378091-1	3948743-1-1	3-3-2147400	9365128-3957527-7592136	7753122-2-4669321	8870343-1-7750398	1-2-0	2777301-1-1	4-1614726-1	9181798-2-2301938	7844269-2-3	0-2-6302437	3966182-7693920-7750398	4651270-3-2794454	5018925-2-4669321	7753122-2-9676178	4-302497-1	4-1648437-1	9181798-5154364-7592136	4-5765550-7750398	4-2-3	3-3-2794454	1679986-2-3	4-1-9142594	4-2849363-1	4-8310257-1	0-2-3258519	8978118-2-7592136	4-2-9334340	0-2-3	9181798-9836127-7592136	9181798-4328863-7592136	1-0-3	4-8112055-4991260	4-1-1	9181798-2-7592136	4-1-658608	4-1-5610076	4-1-3701992	4-1-4229510	1679986-2-6667230	9181798-2-8302053	9181798-9615953-7592136	4-1-9353944	2-4-4	4-2-4669321	4-1-4991260	4-9019547-4669321	4-1-7750398	6268320-8378091-1	9181798-9886437-4669321	9181798-2-9068187
assemblage-361-774	0	0	0	0	0	0	0	0	0	0	0	0	0	0	36	0	0	0	0	0	0	5	0	0	0	0	0	0	0	0	0	0	0	0	0	0	0	0	0	0	0	0	0	0	0	0	0	0	0	0	0	0	0	0	239	31	0	0	0	0	0	0	0	54	0	0	0	0	0	0	0	0	0	0	0	0	0	0	0	126	0	0	0	0	0	9
assemblage-414-844	0	0	0	0	0	0	0	0	0	0	0	0	0	0	0	0	0	0	0	0	0	0	0	0	0	0	0	11	0	0	0	0	0	0	0	0	0	0	0	0	0	0	0	0	0	0	0	0	11	0	0	0	0	0	181	0	0	0	0	0	0	0	0	0	0	0	5	0	17	0	0	0	0	0	0	0	0	0	0	240	0	0	0	0	0	35
assemblage-955-629	0	0	0	0	0	0	0	0	0	0	0	0	0	0	0	0	2	0	0	0	0	0	0	0	0	0	0	0	0	0	0	0	0	0	0	0	0	0	0	0	203	0	0	0	0	24	0	0	0	0	0	0	0	0	0	0	0	0	0	0	0	0	0	251	0	0	0	0	0	0	0	0	0	0	0	0	0	0	0	0	0	0	0	0	0	20
assemblage-356-780	0	0	0	0	0	7	0	0	0	0	28	0	0	0	0	0	0	125	0	0	0	8	0	0	0	0	0	0	0	0	0	0	0	0	0	0	0	0	0	0	0	0	0	0	0	0	0	0	0	0	0	0	0	0	0	0	0	16	0	0	0	0	0	0	0	0	0	0	129	0	0	0	0	0	0	0	0	0	0	143	0	0	0	0	8	36
assemblage-728-160	0	0	0	0	0	0	0	0	0	0	0	0	0	0	0	0	0	0	0	0	0	10	8	0	0	0	0	0	0	0	0	0	0	0	0	0	0	0	0	0	0	0	0	0	0	0	0	0	0	0	0	0	0	0	0	0	13	0	0	0	0	0	0	349	0	0	0	0	14	0	0	0	0	0	0	0	0	0	0	0	0	0	78	0	0	28
assemblage-145-658	0	0	0	0	0	0	0	0	0	0	0	0	0	0	0	0	0	0	0	0	0	0	0	0	0	0	0	0	0	0	0	0	0	0	0	0	0	0	0	0	0	0	0	0	0	0	0	0	0	0	0	0	0	0	5	0	0	3	0	0	0	0	0	0	0	0	133	0	314	0	0	0	0	0	0	0	0	0	0	5	0	14	0	0	0	26
assemblage-146-669	0	0	0	0	0	0	0	0	0	0	0	0	0	0	0	0	0	0	0	0	0	0	0	0	0	0	0	0	0	0	0	0	0	0	0	0	0	0	0	0	0	0	0	0	0	0	0	0	0	0	0	0	0	0	6	0	0	7	0	0	0	0	0	0	0	0	147	0	301	0	0	0	0	0	0	0	0	0	0	3	0	24	0	0	0	12
assemblage-152-651	0	0	0	0	0	0	0	0	0	0	0	0	0	0	0	0	0	0	0	0	0	0	0	0	0	0	0	0	0	0	0	0	0	0	0	0	0	0	0	0	0	0	0	0	0	0	0	0	0	0	0	0	0	0	0	0	0	8	0	0	0	0	0	0	0	0	138	0	299	0	0	0	0	0	0	0	0	0	0	7	0	23	0	0	0	25
assemblage-904-761	0	0	0	0	0	0	11	0	0	0	0	0	10	0	0	0	0	8	0	0	0	0	0	0	0	62	0	0	0	0	0	0	0	0	0	0	0	0	253	0	0	0	0	0	0	0	0	0	0	0	0	0	0	0	0	0	0	0	0	0	0	0	0	48	0	0	0	0	79	0	0	0	0	0	0	0	0	0	0	0	0	0	0	0	0	29
assemblage-460-928	0	0	0	0	0	0	8	0	0	0	0	0	10	0	0	0	0	15	0	0	0	0	0	0	0	55	0	0	0	0	0	6	0	0	0	0	0	0	267	0	0	0	0	0	0	0	0	0	0	0	0	0	0	0	0	0	0	0	0	0	0	0	0	58	0	0	0	0	58	0	0	0	0	0	0	0	0	0	0	0	0	0	0	0	0	23
assemblage-608-220	0	0	0	0	0	0	0	0	0	0	0	0	0	0	0	0	0	210	0	0	0	0	0	0	0	0	0	0	0	0	0	0	0	0	0	0	0	0	0	0	0	0	0	28	0	0	0	0	0	0	0	0	0	0	44	0	0	0	0	0	0	0	0	168	0	0	0	0	25	4	0	0	0	0	0	0	0	0	0	0	0	0	0	0	0	21
assemblage-789-447	0	0	0	0	0	0	0	0	0	0	0	28	0	0	0	0	0	21	0	0	0	0	0	0	0	29	2	0	0	0	0	0	0	0	0	0	0	0	0	0	0	0	0	0	0	0	5	0	0	0	0	0	0	0	0	0	0	0	0	0	0	0	0	12	0	0	0	0	247	38	0	0	0	0	0	0	0	0	0	0	0	0	95	0	0	23
assemblage-915-772	0	0	0	0	0	0	6	0	0	0	0	0	14	0	0	0	0	3	0	0	0	0	0	0	0	55	0	0	0	0	0	0	0	0	0	0	0	0	287	0	0	0	0	0	0	0	0	0	0	0	2	0	0	0	0	0	0	0	0	0	0	0	0	46	0	0	0	0	59	0	0	0	0	0	0	0	0	0	0	0	0	0	0	0	0	28
assemblage-816-440	0	0	0	0	0	0	0	0	0	0	0	21	0	0	0	0	0	19	0	0	0	0	0	0	0	27	0	0	0	0	12	0	0	0	0	0	0	0	0	0	0	0	0	0	0	0	8	0	0	0	0	0	0	0	0	0	0	0	0	0	0	0	0	12	0	0	0	0	239	47	0	0	0	0	0	0	0	0	0	0	0	0	103	0	0	12
assemblage-767-714	4	0	0	6	0	0	0	0	0	0	0	0	0	0	0	0	0	0	0	0	0	0	0	0	0	39	0	0	0	0	0	0	0	0	0	0	0	0	0	0	0	0	0	0	0	0	0	0	0	0	0	0	0	0	0	0	0	0	0	0	0	0	0	0	0	0	0	13	320	10	0	0	0	0	0	0	0	0	0	0	59	0	15	0	0	34
assemblage-896-762	8	0	0	0	0	0	0	0	0	0	0	0	0	0	0	0	0	0	0	0	0	0	0	0	0	44	0	0	0	0	0	0	0	0	0	0	0	0	0	0	0	0	0	0	0	0	0	0	0	0	0	0	0	0	0	0	0	0	0	0	0	0	0	0	0	0	0	4	323	3	0	0	0	0	0	0	0	0	0	0	59	0	11	0	0	48
assemblage-398-243	0	0	0	0	0	0	0	0	0	0	0	0	0	0	0	0	0	0	0	0	0	0	0	0	0	0	0	0	0	0	0	0	0	0	0	0	0	0	0	0	0	0	0	0	0	0	0	0	0	0	0	0	0	0	0	0	0	0	0	0	0	18	0	0	0	0	0	0	74	383	0	0	0	0	0	0	0	0	0	0	0	0	12	0	0	13
assemblage-157-857	0	0	0	0	0	0	0	0	0	0	0	0	0	0	0	0	0	0	0	0	0	0	0	27	0	0	0	0	0	0	0	0	0	0	0	3	0	0	0	0	0	0	0	0	0	0	117	0	0	0	0	0	0	0	0	0	0	0	0	0	0	0	0	0	0	0	0	0	183	37	0	0	0	0	0	0	0	0	0	0	104	0	0	0	0	29
assemblage-403-269	0	0	0	0	0	0	0	0	0	0	0	0	0	0	0	0	0	0	0	0	0	0	0	0	0	0	0	0	0	0	0	0	0	0	0	0	0	0	0	7	0	0	12	0	0	0	0	0	0	0	0	0	0	8	0	0	0	0	26	0	0	0	0	0	0	0	0	0	176	38	0	0	9	0	0	0	0	0	0	0	0	0	200	0	0	24
assemblage-942-729	0	0	0	0	0	0	0	0	0	0	0	0	0	0	0	0	0	0	0	0	0	0	0	0	0	0	0	0	0	0	0	0	0	0	0	0	0	0	0	0	0	0	0	0	0	0	0	0	0	0	0	0	0	0	0	0	0	0	0	0	0	18	0	0	0	0	0	0	50	401	0	0	0	0	0	0	0	0	0	0	0	0	12	0	0	19
assemblage-932-740	0	0	0	0	0	0	0	0	0	0	0	0	0	4	0	0	0	0	0	0	0	0	0	0	0	0	0	0	0	0	0	0	0	0	0	0	0	0	0	0	0	0	0	0	0	0	0	0	0	0	0	0	9	0	0	0	0	0	0	0	0	0	0	0	0	0	0	0	143	301	0	0	0	0	0	0	0	0	0	0	0	0	22	0	0	21
assemblage-249-244	0	0	0	0	0	0	0	0	0	0	0	0	0	0	0	0	0	0	0	0	0	0	0	0	0	0	0	0	42	0	0	0	0	0	0	0	0	0	14	0	0	0	0	0	0	0	8	0	0	0	0	0	0	0	0	0	0	0	0	0	0	0	0	0	0	0	0	0	86	176	0	0	0	0	0	0	0	0	0	0	0	0	162	0	0	12
assemblage-332-494	0	0	0	0	0	0	0	0	0	0	0	0	0	0	0	0	0	0	0	0	0	0	0	0	0	0	0	0	33	0	0	0	0	0	0	0	0	0	21	0	0	0	0	0	0	0	0	0	0	0	0	0	0	0	0	0	0	0	0	0	0	0	0	0	0	0	0	0	80	176	0	0	0	0	0	0	0	0	0	0	0	0	162	0	0	28
assemblage-593-369	0	0	0	0	11	0	0	0	0	0	0	0	0	0	0	0	0	0	0	0	0	0	0	0	0	0	0	0	0	0	0	0	0	0	0	0	0	0	39	0	0	0	0	0	0	0	0	0	0	0	0	0	0	0	0	0	0	0	0	0	0	0	0	0	0	0	0	0	90	323	0	0	0	0	0	14	0	0	0	0	0	0	0	0	0	23
