Assemblage_Name	1-4233416-7871181	3267617-649102-4	1931568-2015322-3	1-2-6507380	4372842-649102-4	1-8209901-3	1-8209901-4692963	4254239-3446112-379296	2692466-649102-8392571	4-1-7533071	5471467-5898198-4	1-2015322-3	4203937-8209901-569997	1-2-6690749	1-9533653-3	4-4029798-0	1-7867645-3	1-9199616-379296	4722404-6815949-8392571	1-2-3813755	8255766-2-4137475	353567-649102-4	4372842-6815949-456096	1-3803461-3	4-1001741-0	1-8111880-4137475	3-3786598-4	1-2-5274194	5665240-7708500-0	1-2-995438	0-0-3	4372842-649102-6865360	1-8209901-569997	8742330-2-4137475	3-6941906-4	2719803-649102-4	1-4233416-379296	7694450-649102-1102044	1-9724170-3	1-2-3	2-2170945-4	4372842-6815949-8392571	1-2-4711824	4-3-2	1-2-2187622	7687315-2-3	8303855-1001741-0	1-5885690-3	1-2-8653104	3-4028421-4	1-2394360-3	6313474-2-4137475	8694257-5930184-4	1-2-4137475	2-2-0	2-2-4	1-2-3658460	3-649102-4	1-2-3483944	1-2-4222210	1-1063578-3	1-9942953-3	1-2-5178711	4372842-649102-8392571	4372842-649102-8674392	1-5959677-3	4372842-649102-2609426	3-4-4	1-2-6997427	3-649102-663161	4254239-4233416-379296	2-7708500-0	1-0-1	1-6221156-4137475	1-2015322-5814585	1-2015322-5397299	1-5251638-3	1-8209901-9220022	1-7526041-4137475	4-1-2	4372842-9183678-8392571	1-477658-3	5471467-649102-4	1-4288094-379296	7025097-649102-1102044	1-5171626-4137475	4372842-649102-1102044	1-4130314-3	3-649102-5625530	4372842-8177248-8392571	3-649102-3822825	1-2-966242	1-9746007-4137475	4372842-5930184-4	4372842-7609748-8392571	1-2-164725
assemblage-145-658	0	0	0	0	0	0	0	0	0	0	0	0	0	0	0	0	0	0	0	0	0	0	0	0	0	0	0	0	0	0	265	0	0	0	0	0	0	0	0	93	17	0	0	0	0	0	0	0	0	0	0	0	0	0	0	120	0	0	0	0	0	0	0	0	0	0	0	0	0	0	0	0	0	0	0	0	0	0	0	0	0	0	0	0	0	0	0	0	0	0	0	0	0	0	0	5
assemblage-277-695	0	0	0	0	325	0	0	0	0	0	0	0	0	0	0	0	0	0	0	0	0	34	0	0	40	0	0	0	0	0	0	0	0	0	0	0	0	0	0	16	0	0	0	0	0	0	0	0	0	0	0	0	0	0	0	0	0	24	0	0	0	0	0	0	0	0	0	0	0	0	0	0	0	0	0	0	0	0	0	0	0	0	21	0	0	0	0	0	0	0	0	0	0	29	0	11
assemblage-1000-159	0	0	0	0	0	0	0	0	0	0	0	0	0	0	0	0	0	0	0	0	0	0	0	0	11	0	0	0	0	0	0	0	0	0	0	0	0	0	0	361	0	0	0	0	0	0	0	0	0	0	0	0	0	0	0	0	0	43	0	0	0	0	0	0	0	0	0	0	0	0	0	0	0	0	0	0	0	0	0	0	0	0	13	0	0	0	0	53	0	0	0	0	0	0	0	19
assemblage-358-771	0	0	0	0	0	0	0	0	0	0	1	0	0	0	0	0	0	0	0	0	0	0	0	0	0	0	0	0	0	0	0	0	0	0	0	0	0	0	0	359	0	0	0	0	0	0	0	0	0	0	0	0	0	0	0	0	0	52	0	0	0	0	0	0	0	0	0	0	0	0	0	0	0	0	0	0	0	0	0	0	0	0	14	0	0	0	0	55	0	0	0	0	0	0	0	19
assemblage-397-817	0	0	0	0	0	0	0	0	0	0	0	0	0	0	0	0	0	0	0	0	0	0	0	0	0	0	0	0	0	0	0	0	0	0	0	0	0	0	0	336	0	0	0	0	0	6	0	0	0	0	0	0	0	0	20	0	0	0	0	0	0	0	0	0	0	0	0	0	0	0	0	123	0	0	0	0	0	0	0	0	0	0	0	0	0	0	0	0	0	0	0	0	0	0	0	15
assemblage-924-642	0	0	0	0	0	0	0	0	0	0	0	0	0	0	0	0	0	0	0	0	0	0	0	0	245	0	0	0	0	0	0	0	0	0	0	0	0	0	0	0	0	0	0	0	0	0	0	0	0	0	0	0	0	0	0	0	0	0	0	0	0	0	0	0	0	0	0	0	0	0	0	0	0	0	0	0	0	0	0	232	0	0	0	0	0	0	0	0	0	0	0	0	0	0	0	23
assemblage-977-163	0	0	0	0	0	0	0	0	0	0	0	0	0	0	0	0	0	0	0	0	0	0	0	0	18	0	0	0	0	0	13	0	0	0	0	0	0	0	0	313	0	0	0	0	0	0	0	0	105	0	0	0	0	0	0	0	0	36	0	0	0	0	0	0	0	0	0	0	0	0	0	0	0	0	0	0	0	0	0	0	0	0	0	0	0	0	0	0	0	0	0	0	0	0	0	15
assemblage-346-771	0	0	0	0	60	0	0	0	0	0	0	0	0	0	0	0	0	0	0	0	0	0	0	0	4	0	0	0	0	0	0	0	0	0	0	0	0	0	0	46	0	0	0	0	0	0	0	0	0	0	0	0	0	0	0	0	0	251	0	0	0	0	0	0	0	0	0	0	0	0	0	0	0	0	0	0	0	0	0	0	0	0	35	0	0	0	0	0	0	0	87	0	0	0	0	17
assemblage-915-772	0	0	38	0	0	0	0	0	0	0	0	209	0	0	5	0	0	0	0	0	0	0	0	0	0	0	0	0	0	0	0	0	0	0	0	0	36	0	0	132	0	0	0	0	0	0	0	0	0	0	0	0	0	0	0	0	29	31	0	0	0	0	0	10	0	0	0	0	0	0	0	0	0	0	0	0	0	0	0	0	0	0	0	0	0	0	0	0	0	0	0	0	0	0	0	10
assemblage-795-158	0	0	0	0	0	0	0	0	0	0	0	0	0	0	0	0	0	0	0	0	0	0	0	0	0	0	0	41	0	7	0	0	0	0	0	0	0	0	0	354	0	0	0	0	0	0	0	0	0	0	0	0	0	0	0	0	26	21	0	2	0	0	0	0	0	0	0	0	0	0	0	0	0	0	0	0	0	0	0	0	0	0	0	0	0	0	0	16	0	0	0	0	0	3	0	30
assemblage-752-557	0	0	0	0	0	0	0	19	0	0	0	0	0	0	0	0	0	0	0	0	0	0	0	0	0	0	0	0	0	0	0	0	0	0	0	0	252	0	0	183	0	0	0	0	0	0	0	0	0	0	0	0	0	0	0	0	0	18	0	0	0	0	0	0	0	0	0	0	0	0	4	0	0	0	0	0	0	0	0	0	0	0	0	0	0	0	0	0	0	0	0	0	0	0	0	24
assemblage-475-921	0	0	0	0	0	0	0	0	0	0	0	48	0	0	0	0	0	0	0	0	0	0	0	0	0	0	0	0	0	0	0	0	0	0	0	0	6	0	37	322	0	0	0	0	0	0	0	0	0	0	0	0	0	0	0	0	12	8	0	0	0	0	0	48	0	0	0	0	0	0	0	0	0	0	0	0	0	0	0	0	0	0	0	0	0	0	0	0	0	0	0	0	0	0	0	19
assemblage-613-236	0	0	0	0	0	0	0	0	0	0	0	0	0	0	0	0	0	0	0	0	0	0	0	0	0	0	0	29	0	0	0	0	0	0	0	0	5	0	0	361	0	0	0	0	0	0	0	0	0	0	0	0	0	0	0	0	26	28	0	0	0	0	0	0	0	0	0	0	0	0	0	0	0	0	0	0	0	0	0	0	0	0	0	0	0	0	0	16	0	0	0	0	0	7	0	28
assemblage-896-762	0	0	0	0	0	0	0	0	0	0	0	18	0	0	0	0	0	0	0	0	0	0	0	0	0	0	0	0	0	0	0	0	0	0	0	0	0	0	0	154	0	0	0	0	0	0	0	0	0	0	0	0	0	0	0	0	0	7	0	0	0	0	0	238	0	10	0	0	0	0	0	0	0	0	0	0	55	0	0	0	0	0	0	0	0	0	0	0	0	0	0	0	0	0	0	18
assemblage-790-152	0	0	0	0	0	0	0	0	0	0	0	0	0	0	0	0	0	0	0	0	0	0	0	0	0	0	0	30	0	4	0	0	0	0	0	0	0	0	0	382	0	0	0	0	0	0	0	0	0	0	0	0	0	0	0	0	34	10	0	5	0	0	0	0	0	0	0	0	0	0	0	0	0	0	0	0	0	0	0	0	0	0	0	0	0	0	0	17	0	0	0	0	0	3	0	15
assemblage-789-447	0	0	0	0	0	0	0	0	0	0	0	46	0	0	0	0	0	0	0	0	0	0	0	0	0	0	0	0	0	0	0	0	0	0	0	0	0	0	24	341	0	0	0	0	0	0	0	0	0	0	0	0	0	0	0	0	6	7	0	0	0	6	0	47	0	0	0	0	0	0	0	0	0	0	0	0	0	0	0	0	0	0	0	0	0	0	0	0	0	0	0	0	0	0	0	23
assemblage-932-740	0	0	0	0	0	0	0	0	0	0	0	0	0	0	0	0	0	0	0	0	0	0	0	0	0	0	0	0	0	0	0	0	0	0	0	0	0	0	0	0	0	0	0	0	0	0	0	0	0	0	0	0	0	193	0	0	0	0	0	0	0	0	23	0	0	0	0	0	0	0	0	0	0	0	0	0	0	10	0	0	0	0	0	0	0	0	242	0	0	0	0	0	0	0	0	32
assemblage-255-215	0	0	0	0	0	12	0	0	0	0	0	17	0	0	0	0	0	0	0	0	0	0	0	0	0	0	0	0	0	0	0	0	0	0	0	0	0	0	0	19	0	0	0	0	0	0	0	0	0	0	0	0	0	240	0	0	0	0	0	0	0	0	0	0	43	0	0	0	0	0	0	0	0	0	0	12	0	0	0	0	0	0	0	0	0	0	129	0	0	0	0	0	0	0	0	28
assemblage-403-242	0	0	0	0	0	68	7	0	0	0	0	0	0	0	0	0	0	0	0	0	0	0	0	0	0	0	0	0	0	0	0	0	53	0	0	0	0	0	0	36	0	0	7	0	0	0	0	0	0	0	0	0	0	103	0	0	0	0	0	0	0	0	0	0	0	0	0	0	0	0	0	0	0	0	0	0	0	156	0	0	0	0	0	0	0	0	35	0	0	0	0	0	16	0	0	19
assemblage-396-264	0	0	0	0	0	0	0	0	0	0	0	0	0	0	0	0	0	0	0	0	0	0	0	0	0	0	0	0	0	0	0	0	0	0	0	0	0	0	0	0	0	0	0	0	0	0	0	0	0	0	0	0	0	162	0	0	0	0	0	0	0	0	17	0	0	0	0	0	0	0	0	0	0	0	0	0	0	7	0	0	0	0	0	0	11	0	292	0	0	0	0	0	0	0	0	11
assemblage-717-587	0	0	0	0	0	0	0	0	0	0	0	0	0	0	0	0	0	0	0	0	0	0	0	0	0	0	0	0	0	0	0	4	0	0	0	0	0	13	0	36	0	0	0	0	0	0	0	0	0	0	0	0	0	109	0	0	0	0	27	0	0	0	0	0	0	0	0	0	0	0	0	0	0	0	0	0	0	0	0	0	0	0	0	0	0	0	292	0	0	0	0	0	0	0	0	19
assemblage-151-857	0	0	0	0	0	141	0	0	0	0	0	250	0	0	0	0	0	0	0	0	0	0	0	0	0	0	0	0	0	0	0	0	0	0	0	0	0	0	0	36	0	0	0	0	0	0	0	0	0	0	0	0	0	29	0	0	0	0	0	0	0	0	0	0	0	0	0	0	0	0	0	0	0	0	12	0	0	0	0	0	0	0	0	0	0	0	6	0	0	0	0	0	0	0	0	26
assemblage-949-751	0	0	0	0	0	0	0	0	0	0	0	0	0	0	0	0	0	0	0	0	0	0	0	0	0	0	0	0	0	0	0	5	0	0	0	0	0	18	0	31	0	0	0	0	0	0	0	0	0	0	0	0	0	107	0	0	0	0	33	0	0	0	0	0	0	0	0	0	0	0	0	0	0	0	0	0	0	0	0	0	0	0	0	0	0	0	284	0	0	0	0	0	0	0	0	22
assemblage-273-243	0	0	31	5	0	0	0	0	0	0	0	52	0	0	0	0	0	0	0	0	0	0	0	12	0	0	0	0	0	0	0	0	0	0	0	0	0	0	0	313	0	0	0	0	0	0	0	0	0	0	0	0	0	65	0	0	0	0	0	0	0	0	0	0	0	0	0	0	0	0	0	0	0	0	0	0	0	0	0	0	0	0	0	0	0	0	0	0	0	0	0	0	0	0	0	22
